 #   1.0000000000000000E-002  0.10000000000000001        1.0000000000000000E-002
   1.0000000000000000        1.0006203999068049E-002  0.98605023543672865        3.9435605642037944E-003
   2.0000000000000000        9.9966357900319134E-003  0.98211603573981032        7.8873284701588432E-003
   3.0000000000000000        9.9714029470339399E-003  0.97819746917565698        1.1831127877309609E-002
   4.0000000000000000        1.0000487909125857E-002  0.97429484983298764        1.5704662257886897E-002
   5.0000000000000000        1.0014044406723188E-002  0.97040764668672264        1.9578308906554081E-002
   6.0000000000000000        1.0012070935260430E-002  0.96653612405862810        2.3451805006112113E-002
   7.0000000000000000        9.9946378637047785E-003  0.96268024781170314        2.7325114324593103E-002
   8.0000000000000000        9.9618880531178559E-003  0.95883969127630342        3.1198420670579839E-002
   9.0000000000000000        9.9837226408383481E-003  0.95501437544869738        3.5001901910465427E-002
   10.000000000000000        9.9903388512084992E-003  0.95120553048767653        3.8804130661116272E-002
   11.000000000000000        9.9817710352347148E-003  0.94741142353278751        4.2606805431979367E-002
   12.000000000000000        9.9581138199636952E-003  0.94363217553897039        4.6409710641067733E-002
   13.000000000000000        9.9892666949125113E-003  0.93986788207338556        5.0142851231703665E-002
   14.000000000000000        1.0005470419423877E-002  0.93611835267254206        5.3876176908035998E-002
   15.000000000000000        1.0006711751864168E-002  0.93238415941712893        5.7609128831008827E-002
   16.000000000000000        9.9930446901631241E-003  0.92866480211667624        6.1342153193162580E-002
   17.000000000000000        9.9645889624969605E-003  0.92496028385544593        6.5075127182059031E-002
   18.000000000000000        9.9912823992547046E-003  0.92127084243054780        6.8737875170199816E-002
   19.000000000000000        1.0003302536173698E-002  0.91759591881768698        7.2400778646141625E-002
   20.000000000000000        1.0000655124505176E-002  0.91393570824482051        7.6063636630675918E-002
   21.000000000000000        9.9834106791215366E-003  0.91029038042303534        7.9726208897844777E-002
   22.000000000000000        1.0021670623778270E-002  0.90665982679334600        8.3318502582877346E-002
   23.000000000000000        9.9753724947350807E-003  0.90304366472285280        8.6980962782414378E-002
   24.000000000000000        9.9846742562541488E-003  0.89944200060075585        9.0573325142992336E-002
   25.000000000000000        9.9796258086585123E-003  0.89585466661594715        9.4165707575396551E-002
   26.000000000000000        9.9603053685994140E-003  0.89228172603266909        9.7757968598733341E-002
   27.000000000000000        9.9966502425345213E-003  0.88872321985518721       0.10128012990227998     
   28.000000000000000        1.0018885437358875E-002  0.88517891998656828       0.10480219457607474     
   29.000000000000000        9.9569606058315021E-003  0.88164833375547413       0.10839470563869630     
   30.000000000000000        1.0020933400488532E-002  0.87813218559160133       0.11184688100791240     
   31.000000000000000        1.0000849664204347E-002  0.87463018813297999       0.11536896220281724     
   32.000000000000000        9.9668613840074496E-003  0.87114203827945613       0.11889110033653760     
   33.000000000000000        9.9889159483332549E-003  0.86766814640824419       0.12234293764342365     
   34.000000000000000        9.9971452515336019E-003  0.86420792842953298       0.12579492631893482     
   35.000000000000000        9.9915704257598093E-003  0.86076175348241535       0.12924667609182611     
   36.000000000000000        9.9722695421590631E-003  0.85732924522217746       0.13269848523566499     
   37.000000000000000        1.0009271669679619E-002  0.85391025255999009       0.13608047577033242     
   38.000000000000000        9.9626483559904482E-003  0.85050508429738003       0.13953226734663191     
   39.000000000000000        9.9724104903882570E-003  0.84711331330673978       0.14291427620287411     
   40.000000000000000        9.9686758243782547E-003  0.84373544512389187       0.14629587905173236     
   41.000000000000000        1.0021498412442922E-002  0.84037054659577237       0.14960795499178686     
   42.000000000000000        9.9908175382384910E-003  0.83702025849691020       0.15298892396485347     
   43.000000000000000        1.0016867110550989E-002  0.83368104146660371       0.15630209142284743     
   44.000000000000000        9.9595627119616129E-003  0.83035637046285116       0.15968406682518935     
   45.000000000000000        9.9590055510882652E-003  0.82704547671719397       0.16299551773172033     
   46.000000000000000        1.0015240447593662E-002  0.82374781670044983       0.16623694285195897     
   47.000000000000000        9.9882939030469676E-003  0.82046329678734864       0.16954840930960710     
   48.000000000000000        1.0018335681715000E-002  0.81719203544520791       0.17278962887307966     
   49.000000000000000        9.9652644221607713E-003  0.81393367564848096       0.17610105992936051     
   50.000000000000000        9.9692167953581903E-003  0.81068875645856830       0.17934202674607530     
   51.000000000000000        9.9602590056893075E-003  0.80745643423865521       0.18258330675565718     
   52.000000000000000        1.0008380319205028E-002  0.80423721229058498       0.18575440739021151     
   53.000000000000000        9.9736671100033973E-003  0.80103089609156009       0.18899543679843847     
   54.000000000000000        9.9961790013204793E-003  0.79783750073377391       0.19216632026490768     
   55.000000000000000        1.0005977834019695E-002  0.79465657872677664       0.19533744343920592     
   56.000000000000000        1.0003076338759706E-002  0.79148855939439100       0.19850836426685148     
   57.000000000000000        9.9875348848836379E-003  0.78833252429389922       0.20167994082121912     
   58.000000000000000        9.9594624072552995E-003  0.78518975233269539       0.20485078526005129     
   59.000000000000000        9.9887884192721293E-003  0.78205951388124273       0.20795169769948757     
   60.000000000000000        1.0005689821430139E-002  0.77894172950915785       0.21105258066941501     
   61.000000000000000        1.0010153330333768E-002  0.77583652165743178       0.21415332501223749     
   62.000000000000000        1.0002212610435251E-002  0.77274377845285980       0.21725400893670857     
   63.000000000000000        9.9819456737030073E-003  0.76966337374514660       0.22035468058115387     
   64.000000000000000        1.0019467716281245E-002  0.76659516804967565       0.22338536423404623     
   65.000000000000000        9.9746506014173272E-003  0.76353922175027467       0.22648612764831133     
   66.000000000000000        9.9876975791084160E-003  0.76049557939333701       0.22951672302755821     
   67.000000000000000        9.9886174824531104E-003  0.75746384460797123       0.23254753790957983     
   68.000000000000000        9.9774547145980719E-003  0.75444445740487731       0.23557808788052895     
   69.000000000000000        9.9542980187513220E-003  0.75143720440480954       0.23860849757644415     
   70.000000000000000        9.9890645535193352E-003  0.74844248868873475       0.24156844675775044     
   71.000000000000000        1.0011974824604038E-002  0.74545902229365113       0.24452900288174984     
   72.000000000000000        9.9529705210046754E-003  0.74248739403131669       0.24755963544768364     
   73.000000000000000        9.9521111703122032E-003  0.73952796201438964       0.25051992681530350     
   74.000000000000000        1.0009431707032227E-002  0.73658044507331955       0.25341012321965389     
   75.000000000000000        9.9849938479399884E-003  0.73364455191280165       0.25637045423926380     
   76.000000000000000        1.0018945114773128E-002  0.73072018645339343       0.25926086843183888     
   77.000000000000000        9.9711288521207603E-003  0.72780785092923361       0.26222102021865057     
   78.000000000000000        9.9817483826961494E-003  0.72490701093543564       0.26511124068187270     
   79.000000000000000        9.9808143332325294E-003  0.72201773265612079       0.26800145301065104     
   80.000000000000000        9.9683754248362805E-003  0.71914006759952021       0.27089155697564787     
   81.000000000000000        1.0014492401760904E-002  0.71627405272010924       0.27371145487813398     
   82.000000000000000        9.9791041076400643E-003  0.71341951015072735       0.27660138574163695     
   83.000000000000000        1.0002402093523492E-002  0.71057585412335700       0.27942174378312434     
   84.000000000000000        1.0014380458428205E-002  0.70774388175872383       0.28224173778285250     
   85.000000000000000        1.0015044104699068E-002  0.70492317993312881       0.28506177596217697     
   86.000000000000000        1.0004435898992898E-002  0.70211391850056415       0.28788164560044827     
   87.000000000000000        9.9826370713938049E-003  0.69931566397827516       0.29070169895033648     
   88.000000000000000        9.9497648249155003E-003  0.69652875678843573       0.29352147838665382     
   89.000000000000000        9.9756790307917904E-003  0.69375332456807759       0.29627099640113591     
   90.000000000000000        9.9905839808899933E-003  0.69098870636764809       0.29902070965146760     
   91.000000000000000        9.9944746308344174E-003  0.68823443178077182       0.30177109358839915     
   92.000000000000000        9.9873790553626149E-003  0.68549156082464135       0.30452106012000169     
   93.000000000000000        9.9693679200936244E-003  0.68275997676681166       0.30727065531310022     
   94.000000000000000        1.0010495230578001E-002  0.68003898139813868       0.30995052337128831     
   95.000000000000000        9.9707144429722182E-003  0.67732920254299711       0.31270008301403523     
   96.000000000000000        9.9901657197366597E-003  0.67463011249845617       0.31537972178181223     
   97.000000000000000        9.9988759518644492E-003  0.67194212027207934       0.31805900377606094     
   98.000000000000000        9.9968594464465675E-003  0.66926430448285346       0.32073883607070414     
   99.000000000000000        9.9841648624204651E-003  0.66659742660680188       0.32341840853078219     
   100.00000000000000        9.9608755664769236E-003  0.66394110853522426       0.32609801589830356     
   101.00000000000000        9.9969713739033097E-003  0.66129552206377695       0.32870750656232406     
   102.00000000000000        9.9525639055952509E-003  0.65866027092154733       0.33138716517286176     
   103.00000000000000        9.9675947015339262E-003  0.65603568856161321       0.33399671673685755     
   104.00000000000000        9.9721947844708600E-003  0.65342190876333850       0.33660589645219591     
   105.00000000000000        9.9663914843820776E-003  0.65081832247490179       0.33921528604072126     
   106.00000000000000        9.9502438120631885E-003  0.64822504518453850       0.34182471100340323     
   107.00000000000000        9.9936885280588871E-003  0.64564235988826757       0.34436395158367855     
   108.00000000000000        9.9569011480564670E-003  0.64306981386726381       0.34697328498468505     
   109.00000000000000        9.9798157912192806E-003  0.64050784721278420       0.34951233699600232     
   110.00000000000000        9.9925582488248465E-003  0.63795616737383465       0.35205127437734651     
   111.00000000000000        9.9951292569358547E-003  0.63541411946557680       0.35459075127749312     
   112.00000000000000        9.9875611926500078E-003  0.63288246633089862       0.35712997247645673     
   113.00000000000000        9.9699176017052273E-003  0.63036106535107306       0.35966901704722748     
   114.00000000000000        1.0012272161978293E-002  0.62784976555481165       0.36213796228321543     
   115.00000000000000        9.9745234451427706E-003  0.62534788206934722       0.36467759448551540     
   116.00000000000000        9.9968707220789640E-003  0.62285647560053536       0.36714665367739130     
   117.00000000000000        1.0009308303696226E-002  0.62037501533342143       0.36961567636288817     
   118.00000000000000        1.0011838416229969E-002  0.61790331480281402       0.37208484678096115     
   119.00000000000000        1.0004493118343753E-002  0.61544169721589359       0.37455380966576751     
   120.00000000000000        9.9873334226513229E-003  0.61298978386155356       0.37702288271580015     
   121.00000000000000        9.9604482058327851E-003  0.61054753393153893       0.37949201786263292     
   122.00000000000000        9.9938114785467092E-003  0.60811540839239253       0.38189078012906574     
   123.00000000000000        9.9475319505720125E-003  0.60569266320989856       0.38435980483953402     
   124.00000000000000        9.9615267308886066E-003  0.60327990802252041       0.38675856524659508     
   125.00000000000000        9.9659380521267028E-003  0.60087672367791300       0.38915733826996407     
   126.00000000000000        9.9607899370176296E-003  0.59848319010819861       0.39155601995478745     
   127.00000000000000        9.9461363338944099E-003  0.59609904270176339       0.39395482096434570     
   128.00000000000000        9.9919032222806035E-003  0.59372451044213814       0.39628358633558541     
   129.00000000000000        9.9582675242554566E-003  0.59135947811501755       0.39868225436073074     
   130.00000000000000        9.9851796443097603E-003  0.58900382303971199       0.40101099731598167     
   131.00000000000000        1.0002753546432673E-002  0.58665741495896873       0.40333983149460140     
   132.00000000000000        1.0010977080350203E-002  0.58432044372731162       0.40566857919234123     
   133.00000000000000        1.0009864898098358E-002  0.58199292419813931       0.40799721090376578     
   134.00000000000000        9.9994568617547373E-003  0.57967453710010852       0.41032600603813985     
   135.00000000000000        9.9798177240346467E-003  0.57736512094478865       0.41265506133117974     
   136.00000000000000        9.9510389588009941E-003  0.57506515236987177       0.41498380867133067     
   137.00000000000000        9.9830280791386797E-003  0.57277460996221896       0.41724236195864572     
   138.00000000000000        1.0005966265310400E-002  0.57049298465627118       0.41950104907842112     
   139.00000000000000        9.9497778792372663E-003  0.56822088023769624       0.42182934188307003     
   140.00000000000000        9.9545274140350453E-003  0.56595761453669180       0.42408785804927690     
   141.00000000000000        9.9502846615819179E-003  0.56370329683966758       0.42634641849875421     
   142.00000000000000        1.0007059291169022E-002  0.56145818331471520       0.42853475739411961     
   143.00000000000000        9.9848431764361662E-003  0.55922204772845785       0.43079310909511004     
   144.00000000000000        9.9537859618790223E-003  0.55699450319710775       0.43305171084101751     
   145.00000000000000        9.9838066659095632E-003  0.55477609282037932       0.43524010051371476     
   146.00000000000000        1.0005053212041598E-002  0.55256641429681719       0.43742853249114488     
   147.00000000000000        9.9474666883020511E-003  0.55036552577552977       0.43968700753617190     
   148.00000000000000        9.9510994823978540E-003  0.54817347653172099       0.44187542398588475     
   149.00000000000000        9.9460258548638592E-003  0.54599015398873729       0.44406382015640194     
   150.00000000000000        1.0002227091238195E-002  0.54381559161208837       0.44618218129667653     
   151.00000000000000        9.9797517390962393E-003  0.54165026927340409       0.44836997898750303     
   152.00000000000000        9.9487223867212038E-003  0.53949298918630473       0.45055828842697737     
   153.00000000000000        9.9790240603641420E-003  0.53734452120696707       0.45267645473267210     
   154.00000000000000        1.0000836487463239E-002  0.53520441629166404       0.45479474722087526     
   155.00000000000000        9.9441180544334682E-003  0.53307282177676318       0.45698306016880635     
   156.00000000000000        9.9488741185240898E-003  0.53094972651290839       0.45910139936856975     
   157.00000000000000        9.9451996570186028E-003  0.52883511200441413       0.46121968833856941     
   158.00000000000000        1.0003081793479127E-002  0.52672895233228545       0.46326796587423758     
   159.00000000000000        9.9825525884457891E-003  0.52463121454403894       0.46538623286751729     
   160.00000000000000        9.9537263785722304E-003  0.52254200522116590       0.46750426840026360     
   161.00000000000000        9.9865385223712570E-003  0.52046113033471697       0.46955233114291417     
   162.00000000000000        9.9411364564169612E-003  0.51838839135693782       0.47167047218664770     
   163.00000000000000        9.9573828179748015E-003  0.51632401946002693       0.47371859772200103     
   164.00000000000000        9.9654392558494471E-003  0.51426780330703614       0.47576675743711716     
   165.00000000000000        9.9653192281950690E-003  0.51221995779631813       0.47781472297548910     
   166.00000000000000        9.9570552875457921E-003  0.51018011585783662       0.47986282885462023     
   167.00000000000000        9.9407000340294739E-003  0.50814833622808875       0.48191096373788339     
   168.00000000000000        9.9861567686273297E-003  0.50612495293220261       0.48388889029917243     
   169.00000000000000        9.9536265380382061E-003  0.50410944105336764       0.48593693240859609     
   170.00000000000000        9.9830331827148282E-003  0.50210212084010153       0.48791484597718521     
   171.00000000000000        1.0004507158253089E-002  0.50010274019186829       0.48989275264987980     
   172.00000000000000        9.9479721680345631E-003  0.49811146239731752       0.49194056543464920     
   173.00000000000000        9.9535008062322412E-003  0.49612788630451077       0.49391861288925826     
   174.00000000000000        9.9511494628535414E-003  0.49415230216164346       0.49589654837550418     
   175.00000000000000        9.9409549513754854E-003  0.49218443786550747       0.49787460718311832     
   176.00000000000000        9.9928556817528661E-003  0.49022470524184891       0.49978243907639913     
   177.00000000000000        9.9669782786466227E-003  0.48827240928614468       0.50176061243520964     
   178.00000000000000        1.0003380781402805E-002  0.48632822189277047       0.50366839732582736     
   179.00000000000000        9.9619681998337588E-003  0.48439171190126690       0.50564631989890019     
   180.00000000000000        9.9828742884448020E-003  0.48246271970460503       0.50755440600695156     
   181.00000000000000        9.9961244634792831E-003  0.48054161964589881       0.50946225589062333     
   182.00000000000000        1.0001718671261416E-002  0.47862810389169302       0.51137017743704638     
   183.00000000000000        9.9996749037284047E-003  0.47672239724541626       0.51327792785085613     
   184.00000000000000        9.9900278540882223E-003  0.47482418287296824       0.51518578927294445     
   185.00000000000000        9.9728298713897979E-003  0.47293354015943251       0.51709362996917818     
   186.00000000000000        9.9481497896477221E-003  0.47105027747335682       0.51900157273699543     
   187.00000000000000        9.9859137528292251E-003  0.46917511984847610       0.52083896639869465     
   188.00000000000000        9.9462669071820383E-003  0.46730720404595133       0.52274652904686625     
   189.00000000000000        9.9691154735396664E-003  0.46544658742293854       0.52458429710352139     
   190.00000000000000        9.9845976733823096E-003  0.46359345031518290       0.52642195201143449     
   191.00000000000000        9.9927085965536948E-003  0.46174757634646113       0.52825971505698521     
   192.00000000000000        9.9934593419706147E-003  0.45990900451820266       0.53009753613982635     
   193.00000000000000        9.9868774626967749E-003  0.45807789577608538       0.53193522676121685     
   194.00000000000000        9.9730067537620315E-003  0.45625414723163166       0.53377284601460462     
   195.00000000000000        9.9519068319608040E-003  0.45443752474571730       0.53561056842232035     
   196.00000000000000        9.9935503727154526E-003  0.45262829932611243       0.53737815030117053     
   197.00000000000000        9.9579824142648869E-003  0.45082622666862698       0.53921579091710659     
   198.00000000000000        9.9852458624571858E-003  0.44903131311367406       0.54098344102386664     
   199.00000000000000        1.0005412310164935E-002  0.44724355871396432       0.54275102897586869     
   200.00000000000000        9.9483927082070177E-003  0.44546308307032534       0.54458852422146564     
   201.00000000000000        9.9542953820400681E-003  0.44368987439717944       0.54635583022077816     
   202.00000000000000        9.9531529916731237E-003  0.44192354407067957       0.54812330293764533     
   203.00000000000000        9.9449954376368502E-003  0.44016407436879423       0.54989093019356639     
   204.00000000000000        9.9998133049051981E-003  0.43841168813034476       0.55158849856474756     
   205.00000000000000        9.9776190942444075E-003  0.43666623245047459       0.55335614845527781     
   206.00000000000000        9.9485391156062253E-003  0.43492767382545411       0.55512378705893672     
   207.00000000000000        9.9824882658943823E-003  0.43319633796116525       0.55682117377293783     
   208.00000000000000        9.9396158385393202E-003  0.43147157330966474       0.55858881085179368     
   209.00000000000000        9.9597834851944105E-003  0.42975393730040878       0.56028627921439422     
   210.00000000000000        9.9731511297024705E-003  0.42804313462915899       0.56198371424113580     
   211.00000000000000        9.9797184840185633E-003  0.42633910805669706       0.56368117345928115     
   212.00000000000000        9.9794999994857452E-003  0.42464227203024651       0.56537822797026505     
   213.00000000000000        9.9725231015621550E-003  0.42295184502928768       0.56707563186914778     
   214.00000000000000        9.9588280713922162E-003  0.42126811485415577       0.56877305707444981     
   215.00000000000000        9.9384689118826898E-003  0.41959089012998807       0.57047064095812727     
   216.00000000000000        9.9813355104192772E-003  0.41792067955744405       0.57209798493213460     
   217.00000000000000        9.9476280444076408E-003  0.41625693012849169       0.57379544182709863     
   218.00000000000000        9.9772464947097163E-003  0.41460002186514661       0.57542273164014168     
   219.00000000000000        1.0000336068265874E-002  0.41294951425190529       0.57705014967982682     
   220.00000000000000        9.9468047657120251E-003  0.41130577527315748       0.57874741996112800     
   221.00000000000000        9.9567213282347328E-003  0.40966858930425887       0.58037468936750425     
   222.00000000000000        9.9601365106922937E-003  0.40803796771923490       0.58200189577007000     
   223.00000000000000        9.9570684774093251E-003  0.40641368956970625       0.58362924195288135     
   224.00000000000000        9.9475490829865967E-003  0.40479587305467679       0.58525657786233398     
   225.00000000000000        1.0001590612452989E-002  0.40318451721897036       0.58681389216857360     
   226.00000000000000        9.9791562142008249E-003  0.40157972877837078       0.58844111500742524     
   227.00000000000000        9.9503945570308689E-003  0.39998116067011075       0.59006844477285503     
   228.00000000000000        9.9852411109368974E-003  0.39838902493981559       0.59162573394924389     
   229.00000000000000        9.9437874503451561E-003  0.39680319188320023       0.59325302066645080     
   230.00000000000000        9.9659601179744369E-003  0.39522397294478256       0.59481006693723948     
   231.00000000000000        9.9818870169326931E-003  0.39365089829084576       0.59636721469221821     
   232.00000000000000        9.9915627279732536E-003  0.39208394044480965       0.59792449682721360     
   233.00000000000000        9.9949938577239602E-003  0.39052328702202577       0.59948171912024661     
   234.00000000000000        9.9921989871893744E-003  0.38896890065915812       0.60103890035364871     
   235.00000000000000        9.9832076309322101E-003  0.38742063193467141       0.60259616043439246     
   236.00000000000000        9.9680611449409293E-003  0.38587854577799419       0.60415339307706117     
   237.00000000000000        9.9468126827336502E-003  0.38434280974779550       0.60571037756946733     
   238.00000000000000        9.9894143853806166E-003  0.38281304865082838       0.60719753696378742     
   239.00000000000000        9.9559285233945145E-003  0.38128931574726332       0.60875475572933846     
   240.00000000000000        9.9863888890776350E-003  0.37977166059277001       0.61024195051814922     
   241.00000000000000        9.9408355015952361E-003  0.37826002093923172       0.61179914355917009     
   242.00000000000000        9.9591989914894399E-003  0.37675454343124193       0.61328625757726574     
   243.00000000000000        9.9716016156625106E-003  0.37525515804394016       0.61477324034039449     
   244.00000000000000        9.9780454793531956E-003  0.37376168711042446       0.61626026741021889     
   245.00000000000000        9.9785422017355102E-003  0.37227405629895166       0.61774740149930929     
   246.00000000000000        9.9731142074972624E-003  0.37079229255593016       0.61923459323656960     
   247.00000000000000        9.9617946316023845E-003  0.36931652208493920       0.62072168328345534     
   248.00000000000000        9.9446270683799902E-003  0.36784645337164429       0.62220891955997271     
   249.00000000000000        9.9915737935934237E-003  0.36638261658902266       0.62362580961738068     
   250.00000000000000        9.9626796222376610E-003  0.36492450727902159       0.62511281309873756     
   251.00000000000000        9.9980420633602393E-003  0.36347203352532065       0.62652992441131639     
   252.00000000000000        9.9575523239373472E-003  0.36202560695213681       0.62801684072392316     
   253.00000000000000        9.9813392665984921E-003  0.36058482241046685       0.62943383832293187     
   254.00000000000000        9.9994295364627239E-003  0.35914937718407414       0.63085119327946071     
   255.00000000000000        9.9417621404400917E-003  0.35771997205581518       0.63233826580374253     
   256.00000000000000        9.9483974010957880E-003  0.35629639536521174       0.63375520723369050     
   257.00000000000000        9.9493808911820716E-003  0.35487843497199301       0.63517218413682297     
   258.00000000000000        9.9447334939126147E-003  0.35346607663013130       0.63658918987595436     
   259.00000000000000        9.9344853528958478E-003  0.35205930296554488       0.63800621168155824     
   260.00000000000000        9.9885678649304730E-003  0.35065828963647860       0.63935314249859032     
   261.00000000000000        9.9670961404546773E-003  0.34926291271340421       0.64076999114614031     
   262.00000000000000        9.9401311162395627E-003  0.34787275504815413       0.64218711383560523     
   263.00000000000000        9.9775553582803801E-003  0.34648846977612785       0.64353397486559027     
   264.00000000000000        9.9395467568360110E-003  0.34510934310735419       0.64495111013580775     
   265.00000000000000        9.9659689497560572E-003  0.34373611369215484       0.64629791735808717     
   266.00000000000000        9.9869844522746803E-003  0.34236816273896054       0.64764485280876283     
   267.00000000000000        1.0002580779427280E-002  0.34100554608419770       0.64899187313637319     
   268.00000000000000        9.9426898941397928E-003  0.33964860122832696       0.65040870887753144     
   269.00000000000000        9.9474114947536562E-003  0.33829689933122742       0.65175568917401683     
   270.00000000000000        9.9467667130649969E-003  0.33695067542841950       0.65310255785851323     
   271.00000000000000        9.9407778775097589E-003  0.33560978187216789       0.65444944025032015     
   272.00000000000000        9.9994487159180915E-003  0.33427425747194300       0.65572629381213687     
   273.00000000000000        9.9827565426148963E-003  0.33294413701890002       0.65707310643848327     
   274.00000000000000        9.9608008644946119E-003  0.33161917332194907       0.65842002581355452     
   275.00000000000000        9.9336374270367310E-003  0.33029921303469822       0.65976714953826321     
   276.00000000000000        9.9711059998885028E-003  0.32898520690430888       0.66104368709580086     
   277.00000000000000        9.9334635619653527E-003  0.32767579414556680       0.66239074229246575     
   278.00000000000000        9.9604944737404222E-003  0.32637209984012322       0.66366740568613458     
   279.00000000000000        9.9824015900467234E-003  0.32507331726829214       0.66494428114165915     
   280.00000000000000        9.9991714740767252E-003  0.32377964601891723       0.66622118250700435     
   281.00000000000000        9.9407431882578782E-003  0.32249109952878158       0.66756815728295926     
   282.00000000000000        9.9471841360379790E-003  0.32120795821873699       0.66884485764522350     
   283.00000000000000        9.9485315439681882E-003  0.31992977810268269       0.67012169035334745     
   284.00000000000000        9.9448033048654613E-003  0.31865665482294553       0.67139854187218728     
   285.00000000000000        9.9360253698069154E-003  0.31738859092493593       0.67267538370525548     
   286.00000000000000        9.9921580122217992E-003  0.31612576305812307       0.67388207892965324     
   287.00000000000000        9.9732567520052426E-003  0.31486798928564835       0.67515875396234415     
   288.00000000000000        9.9493933364633164E-003  0.31361500046513086       0.67643560619840348     
   289.00000000000000        9.9905401034152078E-003  0.31236714164738977       0.67764231824919241     
   290.00000000000000        9.9566901408537998E-003  0.31112422545227175       0.67891908440687154     
   291.00000000000000        9.9879307760543188E-003  0.30988624033853562       0.68012582888540696     
   292.00000000000000        9.9442352778769932E-003  0.30865308378545619       0.68140268093666378     
   293.00000000000000        9.9656013603682727E-003  0.30742508461726398       0.68260931402236513     
   294.00000000000000        9.9821180898554511E-003  0.30620179089412392       0.68381609101601792     
   295.00000000000000        9.9937810449159965E-003  0.30498335312559866       0.68502286582948291     
   296.00000000000000        1.0000592594261341E-002  0.30376974697913289       0.68622966042660338     
   297.00000000000000        9.9325587314369624E-003  0.30256103073300866       0.68750641053555228     
   298.00000000000000        9.9997054450970124E-003  0.30135717473450935       0.68864311982039206     
   299.00000000000000        9.9920460915712533E-003  0.30015814717114842       0.68984980673727891     
   300.00000000000000        9.9796142200843773E-003  0.29896399784825101       0.69105638793166346     
   301.00000000000000        9.9624466191647835E-003  0.29777452319809122       0.69226303018274293     
   302.00000000000000        9.9405869145175792E-003  0.29658952073871436       0.69346989234676693     
   303.00000000000000        9.9839596075581849E-003  0.29540953319412189       0.69460650719831829     
   304.00000000000000        9.9526517601563769E-003  0.29423418468526813       0.69581316355457423     
   305.00000000000000        9.9866823510350571E-003  0.29306343345021751       0.69694988419874615     
   306.00000000000000        9.9460459984033640E-003  0.29189739672151238       0.69815655728008286     
   307.00000000000000        9.9707487184366103E-003  0.29073619023507985       0.69929306104648203     
   308.00000000000000        9.9908796949351088E-003  0.28957919369710772       0.70042992660795533     
   309.00000000000000        9.9363952145780175E-003  0.28842692536076409       0.70163667942465591     
   310.00000000000000        9.9472838051038251E-003  0.28727957213351202       0.70277314406138203     
   311.00000000000000        9.9536234303479413E-003  0.28613667396934517       0.70390970260030428     
   312.00000000000000        9.9554234624377388E-003  0.28499825454672612       0.70504632199083372     
   313.00000000000000        9.9526994061416765E-003  0.28386425552754369       0.70618304506631269     
   314.00000000000000        9.9454727993124360E-003  0.28273469651111022       0.70731983068957505     
   315.00000000000000        9.9337713650800071E-003  0.28160943700839758       0.70845679162651976     
   316.00000000000000        9.9875328263556665E-003  0.28048927876939034       0.70952318840425133     
   317.00000000000000        9.9668435517662728E-003  0.27937352160628742       0.71065963484194350     
   318.00000000000000        9.9417668603305545E-003  0.27826170921494703       0.71179652392471926     
   319.00000000000000        9.9822218651262357E-003  0.27715478750803813       0.71286299062683267     
   320.00000000000000        9.9482910639395929E-003  0.27605205939726318       0.71399964953879480     
   321.00000000000000        9.9799650324095008E-003  0.27495384153524777       0.71506619343233990     
   322.00000000000000        9.9373061513422130E-003  0.27385951896404936       0.71620317488460572     
   323.00000000000000        9.9602245158761094E-003  0.27277047390362896       0.71726930158049251     
   324.00000000000000        9.9788547531924100E-003  0.27168517192240094       0.71833597332440380     
   325.00000000000000        9.9931894906712948E-003  0.27060391879747503       0.71940289171185012     
   326.00000000000000        9.9332101944084161E-003  0.26952708966728889       0.72053970013829927     
   327.00000000000000        9.9389152307814178E-003  0.26845505226343880       0.72160603250577615     
   328.00000000000000        9.9403676254817153E-003  0.26738704272377650       0.72267258965073866     
   329.00000000000000        9.9375821944683879E-003  0.26632312755981002       0.72373929024571848     
   330.00000000000000        1.0000579321850200E-002  0.26526322195664381       0.72473619872150330     
   331.00000000000000        9.9893063565714042E-003  0.26420842381013754       0.72580226983328777     
   332.00000000000000        9.9738428667007165E-003  0.26315782144653538       0.72686833568676068     
   333.00000000000000        9.9542248697083377E-003  0.26211088338110805       0.72793489174918025     
   334.00000000000000        9.9304949595675120E-003  0.26106686712291693       0.72900263791751174     
   335.00000000000000        9.9725032239031293E-003  0.26002969703051643       0.72999779974557699     
   336.00000000000000        9.9404651110021995E-003  0.25899445782384267       0.73106507706515211     
   337.00000000000000        9.9742589228921357E-003  0.25796491149451539       0.73206082958259000     
   338.00000000000000        9.9340224038007071E-003  0.25693712334813051       0.73312885424806695     
   339.00000000000000        9.9596130692834982E-003  0.25591683042714747       0.73412355650356798     
   340.00000000000000        9.9811985346082328E-003  0.25489818171218676       0.73512061975320397     
   341.00000000000000        9.9987598920261208E-003  0.25388159762186502       0.73611964248610751     
   342.00000000000000        9.9422111976225861E-003  0.25287386984363186       0.73718391895874447     
   343.00000000000000        9.9516669043734646E-003  0.25186969174179702       0.73817864135382871     
   344.00000000000000        9.9571375877700544E-003  0.25086875038366574       0.73917411202856320     
   345.00000000000000        9.9586303198409866E-003  0.24987143690252536       0.74016993277763221     
   346.00000000000000        9.9561585022772767E-003  0.24887813508084855       0.74116570641687274     
   347.00000000000000        9.9497417802931164E-003  0.24788922080755760       0.74216103741214745     
   348.00000000000000        9.9394059362214113E-003  0.24690506156517839       0.74315553249859800     
   349.00000000000000        9.9251827636343236E-003  0.24592601594808006       0.74414880128828309     
   350.00000000000000        9.9071099228774731E-003  0.24495243321281701       0.74514045686430264     
   351.00000000000000        9.8852307789972088E-003  0.24398465286140519       0.74613011635959470     
   352.00000000000000        9.8595942231212274E-003  0.24302300425817841       0.74711740151869721     
   353.00000000000000        9.8302544784238926E-003  0.24206780628069752       0.74810193924087598     
   354.00000000000000        9.7972708918689037E-003  0.24111936700499684       0.74908336210313209     
   355.00000000000000        9.7607077129726466E-003  0.24017798342529204       0.75006130886173272     
   356.00000000000000        9.7206338608718211E-003  0.23924394120809386       0.75103542493103148     
   357.00000000000000        9.6771226810090892E-003  0.23831751448052427       0.75200536283846342     
   358.00000000000000        9.6302516927698496E-003  0.23739896565247109       0.75297078265475503     
   359.00000000000000        9.5801023294131375E-003  0.23648854527207774       0.75393135239850484     
   360.00000000000000        9.5267596716392209E-003  0.23558649191392894       0.75488674841442749     
   361.00000000000000        9.4703121761271249E-003  0.23469303209917031       0.75583665572469783     
   362.00000000000000        9.4108514003568774E-003  0.23380838024668424       0.75678076835295427     
   363.00000000000000        9.3484717250046645E-003  0.23293273865434022       0.75771878962065031     
   364.00000000000000        9.2832700751646659E-003  0.23206629750924926       0.75865043241558117     
   365.00000000000000        9.2153456416098067E-003  0.23120923492586387       0.75957541943252183     
   366.00000000000000        9.1447996032561468E-003  0.23036171701069816       0.76049348338604084     
   367.00000000000000        9.0717348519417929E-003  0.22952389795238259       0.76140436719567073     
   368.00000000000000        8.9962557205731809E-003  0.22869592013571358       0.76230782414370846     
   369.00000000000000        8.9184677156286096E-003  0.22787791427832529       0.76320361800604153     
   370.00000000000000        8.8384772549433607E-003  0.22706999958857399       0.76409152315647844     
   371.00000000000000        8.7563914116312435E-003  0.22627228394321183       0.76497132464515305     
   372.00000000000000        8.6723176649273308E-003  0.22548486408341017       0.76584281825165867     
   373.00000000000000        8.5863636586637395E-003  0.22470782582769255       0.76670581051364017     
   374.00000000000000        8.4986369680179891E-003  0.22394124430034545       0.76756011873163310     
   375.00000000000000        8.4092448750998309E-003  0.22318518417388011       0.76840557095101691     
   376.00000000000000        8.3182941538705035E-003  0.22243969992414675       0.76924200592198022     
   377.00000000000000        8.2258908648161471E-003  0.22170483609672220       0.77006927303845962     
   378.00000000000000        8.1321401597275484E-003  0.22098062758322665       0.77088723225704381     
   379.00000000000000        8.0371460968698717E-003  0.22026709990626023       0.77169575399686807     
   380.00000000000000        7.9410114667602567E-003  0.21956426951169120       0.77249471902154643     
