 #   1.0000000000000000E-002  0.10000000000000001        1.0000000000000000E-002
   1.0000000000000000        1.0012074685631832E-002  0.98604128439334471        3.9466409210232459E-003
   2.0000000000000000        1.0008338487711233E-002  0.98209944063654331        7.8922208757454815E-003
   3.0000000000000000        1.0018841074544949E-002  0.97817329361257976        1.1807865312875965E-002
   4.0000000000000000        1.0013647655722137E-002  0.97426283127086333        1.5723521073415913E-002
   5.0000000000000000        1.0022827101558728E-002  0.97036824841546188        1.9608924482981002E-002
   6.0000000000000000        1.0016429242111382E-002  0.96648901638029439        2.3494554377595383E-002
   7.0000000000000000        1.0024533970403532E-002  0.96262574482904251        2.7349721200555007E-002
   8.0000000000000000        1.0017183562168103E-002  0.95877751330195482        3.1205303135877861E-002
   9.0000000000000000        1.0024462115005524E-002  0.95494511040578767        3.5030427479207343E-002
   10.000000000000000        1.0016408993224609E-002  0.95112768984134710        3.8855901165429425E-002
   11.000000000000000        1.0023107916422726E-002  0.94732587262876766        4.2651019454810639E-002
   12.000000000000000        1.0014599648823877E-002  0.94353900039247707        4.6446399958700132E-002
   13.000000000000000        1.0020963935011624E-002  0.93976764205048358        5.0211394014506451E-002
   14.000000000000000        1.0012246654213798E-002  0.93601132284904476        5.3976430496742868E-002
   15.000000000000000        1.0018520840979164E-002  0.93226999949027822        5.7711479668743765E-002
   16.000000000000000        1.0009837301085678E-002  0.92854360648479561        6.1446556214119631E-002
   17.000000000000000        1.0016262513331200E-002  0.92483238912775334        6.5151348358916242E-002
   18.000000000000000        1.0007854013602921E-002  0.92113601325445293        6.8856132731945144E-002
   19.000000000000000        1.0014671338097570E-002  0.91745445741581211        7.2530871246091227E-002
   20.000000000000000        1.0006775737926184E-002  0.91378767831553465        7.6205545946539568E-002
   21.000000000000000        1.0014223276218225E-002  0.91013539232212148        7.9850384401660687E-002
   22.000000000000000        1.0007075647558289E-002  0.90649784256004240        8.3495081792400533E-002
   23.000000000000000        1.0015389433358727E-002  0.90287481268627290        8.7109797880369044E-002
   24.000000000000000        1.0009223171217220E-002  0.89926628412983067        9.0724492698952552E-002
   25.000000000000000        1.0018639898113021E-002  0.89567253915775535        9.4308820944132080E-002
   26.000000000000000        1.0013688848263255E-002  0.89209319173315038        9.7893119418586819E-002
   27.000000000000000        1.0024445786220150E-002  0.88852826691896869       0.10144728729481223     
   28.000000000000000        1.0020942462197251E-002  0.88497744968101655       0.10500160785678696     
   29.000000000000000        1.0003250367440389E-002  0.88144083241799354       0.10855591721456662     
   30.000000000000000        1.0001429922199654E-002  0.87791837986565235       0.11208019021214856     
   31.000000000000000        1.0015530138217392E-002  0.87441035155535451       0.11557411830642840     
   32.000000000000000        1.0015614290603710E-002  0.87091614619184099       0.11906823951755618     
   33.000000000000000        1.0001737205990983E-002  0.86743598451138615       0.12256227828262413     
   34.000000000000000        1.0003950421583429E-002  0.86396975261316700       0.12602629696525072     
   35.000000000000000        1.0022321573083583E-002  0.86051752507159873       0.12946015335531857     
   36.000000000000000        9.9968906026315606E-003  0.85707904682302771       0.13292406257434186     
   37.000000000000000        1.0017716841161940E-002  0.85365425207330514       0.13632803108553382     
   38.000000000000000        9.9948693394815991E-003  0.85024346487290692       0.13976166578761184     
   39.000000000000000        1.0018382083973347E-002  0.84684637466088764       0.14313524325513968     
   40.000000000000000        9.9983267303246671E-003  0.84346255561478445       0.14653911765489178     
   41.000000000000000        9.9947550144534828E-003  0.84009247703218604       0.14991276795336142     
   42.000000000000000        1.0007704283527831E-002  0.83673577856006320       0.15325651715640928     
   43.000000000000000        1.0007251831883101E-002  0.83339268700940283       0.15660006115871455     
   44.000000000000000        9.9934533922174818E-003  0.83006300841769765       0.15994353819008500     
   45.000000000000000        9.9963369576322302E-003  0.82674673180671499       0.16325693123565255     
   46.000000000000000        1.0015971255034582E-002  0.82344372924394338       0.16654029950102187     
   47.000000000000000        1.0022420221302258E-002  0.82015385678056163       0.16982372299813592     
   48.000000000000000        1.0015710751236811E-002  0.81687715069499300       0.17310713855377013     
   49.000000000000000        9.9959217046015937E-003  0.81361382431884166       0.17639025397655708     
   50.000000000000000        9.9930953106875230E-003  0.81036358333061520       0.17964332135869718     
   51.000000000000000        1.0007269941958568E-002  0.80712612035484543       0.18286660970319582     
   52.000000000000000        1.0008521424767762E-002  0.80390159825073404       0.18608988032449802     
   53.000000000000000        9.9968962951226398E-003  0.80069006380293206       0.18931303990194498     
   54.000000000000000        1.0002432606581610E-002  0.79749145014914791       0.19250611724426972     
   55.000000000000000        9.9952006605608656E-003  0.79430557911576827       0.19569922022366995     
   56.000000000000000        1.0005229680757425E-002  0.79113254330512317       0.19886222701411865     
   57.000000000000000        1.0002590472939351E-002  0.78797213344932859       0.20202527607773091     
   58.000000000000000        1.0017331284440177E-002  0.78482469200871963       0.20515797670683861     
   59.000000000000000        1.0019496521484331E-002  0.78168960127294873       0.20829090220556537     
   60.000000000000000        1.0009127520165412E-002  0.77856707790027635       0.21142379457955651     
   61.000000000000000        1.0016298959428573E-002  0.77545722589847754       0.21452647514209233     
   62.000000000000000        1.0011039141902635E-002  0.77235966795150857       0.21762929290658656     
   63.000000000000000        9.9934167462136115E-003  0.76927457075717098       0.22073201249661281     
   64.000000000000000        9.9934647814624300E-003  0.76620180663024962       0.22380472858828529     
   65.000000000000000        1.0011233701116298E-002  0.76314141737101338       0.22684734892786756     
   66.000000000000000        1.0016789163823061E-002  0.76009324606598028       0.22988996477019411     
   67.000000000000000        1.0010159173354438E-002  0.75705712275228476       0.23293271807435764     
   68.000000000000000        9.9914164789679377E-003  0.75403331737029100       0.23597526615073824     
   69.000000000000000        9.9905887379593186E-003  0.75102144932438564       0.23898796193765265     
   70.000000000000000        1.0007722418690046E-002  0.74802229583550894       0.24196998174579815     
   71.000000000000000        1.0012888105949176E-002  0.74503463983170093       0.24495247206234660     
   72.000000000000000        1.0006115415130501E-002  0.74205896052192211       0.24793492406294437     
   73.000000000000000        1.0017469602730637E-002  0.73909536021043631       0.25088717018683049     
   74.000000000000000        1.0016978573998758E-002  0.73614357135934028       0.25383945006665881     
   75.000000000000000        1.0004690956693754E-002  0.73320349216424419       0.25679181687905994     
   76.000000000000000        1.0010671686571694E-002  0.73027535861129367       0.25971396970213234     
   77.000000000000000        1.0004953512828905E-002  0.72735869024403299       0.26263635624313586     
   78.000000000000000        1.0017598438519128E-002  0.72445378268438509       0.26552861887709323     
   79.000000000000000        1.0018634670480440E-002  0.72156056636046173       0.26842079896905535     
   80.000000000000000        1.0008104905594914E-002  0.71867904501018387       0.27131285008421874     
   81.000000000000000        1.0016084603987769E-002  0.71580903658668871       0.27417487880932156     
   82.000000000000000        1.0012592154900590E-002  0.71295043362003041       0.27703697422506640     
   83.000000000000000        9.9976849432827104E-003  0.71010320210868083       0.27989911294803405     
   84.000000000000000        1.0001408737840823E-002  0.70726737995544076       0.28273121130671652     
   85.000000000000000        9.9938138940133363E-003  0.70444299099451557       0.28556319511146849     
   86.000000000000000        1.0004932133883862E-002  0.70162996107679210       0.28836510678932115     
   87.000000000000000        1.0004821004812883E-002  0.69882812012020812       0.29116705887497601     
   88.000000000000000        9.9935254165708538E-003  0.69603753840130234       0.29396893618212350     
   89.000000000000000        1.0001078267802468E-002  0.69325810548229527       0.29674081624989884     
   90.000000000000000        9.9975376256338424E-003  0.69048969979136132       0.29951276258300147     
   91.000000000000000        1.0012945509394092E-002  0.68773251912973876       0.30225453536086372     
   92.000000000000000        1.0017345592769709E-002  0.68498641651038472       0.30499623789684188     
   93.000000000000000        1.0010766778417326E-002  0.68225123459596004       0.30773799862561924     
   94.000000000000000        9.9932743541135440E-003  0.67952705080934828       0.31047967483653482     
   95.000000000000000        9.9949029643885690E-003  0.67681384757761931       0.31319124945798849     
   96.000000000000000        1.0015706130114408E-002  0.67411143342779623       0.31587286044208512     
   97.000000000000000        9.9957043205662604E-003  0.67141968834987042       0.31858460732955862     
   98.000000000000000        9.9949631326810406E-003  0.66873888352026745       0.32126615334704645     
   99.000000000000000        1.0013522388701250E-002  0.66606887401312498       0.32391760359816846     
   100.00000000000000        9.9914141970617841E-003  0.66340934593891165       0.32659923986402095     
   101.00000000000000        9.9886925307202234E-003  0.66076053376211485       0.32925077370715988     
   102.00000000000000        1.0005385213625265E-002  0.65812257741361557       0.33187203737275378     
   103.00000000000000        1.0011556735149824E-002  0.65549489494513979       0.33449354831970457     
   104.00000000000000        1.0007229324419468E-002  0.65287784228226164       0.33711492839331253     
   105.00000000000000        9.9924583070473832E-003  0.65027121206286764       0.33973632963007794     
   106.00000000000000        9.9972758557262432E-003  0.64767502193009108       0.34232770221417536     
   107.00000000000000        9.9917347911066649E-003  0.64508927794397286       0.34491898726491305     
   108.00000000000000        1.0005864061110566E-002  0.64251389777410239       0.34748023816477930     
   109.00000000000000        1.0009717023210227E-002  0.63994878927814114       0.35004149369864068     
   110.00000000000000        1.0003322536414137E-002  0.63739385067342735       0.35260282679015043     
   111.00000000000000        9.9867410758085820E-003  0.63484912338299126       0.35516413554119247     
   112.00000000000000        9.9899877502207142E-003  0.63231478894006865       0.35769522330970299     
   113.00000000000000        1.0013123545307758E-002  0.62979033516037675       0.36019654129430811     
   114.00000000000000        9.9961713833733850E-003  0.62727622572030872       0.36272760289630979     
   115.00000000000000        9.9991862233237937E-003  0.62477058206212188       0.36523023171454622     
   116.00000000000000        9.9922021217048341E-003  0.62227543006596708       0.36773236781231938     
   117.00000000000000        1.0005256252746677E-002  0.61979141314942432       0.37020333059782046     
   118.00000000000000        1.0008397616861819E-002  0.61731722710340764       0.37267437527972219     
   119.00000000000000        1.0001656032734755E-002  0.61485298028734414       0.37514536367991325     
   120.00000000000000        9.9850907691913030E-003  0.61239854855097697       0.37761636067982468     
   121.00000000000000        9.9887129871341022E-003  0.60995387283257774       0.38005741418028138     
   122.00000000000000        1.0012584400689556E-002  0.60751903073908209       0.38246838486022211     
   123.00000000000000        9.9967245702664003E-003  0.60509387093257860       0.38490940449714889     
   124.00000000000000        1.0001192670995449E-002  0.60267845156799094       0.38732035576100760     
   125.00000000000000        9.9960193129073963E-003  0.60027267591776223       0.38973130476932488     
   126.00000000000000        1.0011249780488748E-002  0.59787651093888017       0.39211223928062516     
   127.00000000000000        9.9869081599797578E-003  0.59548998582833346       0.39452310601168128     
   128.00000000000000        1.0013044247864306E-002  0.59311304851889635       0.39687390723323374     
   129.00000000000000        9.9996790100210283E-003  0.59074549652977382       0.39925482446019955     
   130.00000000000000        1.0006877193053014E-002  0.58838747430563987       0.40160564850130176     
   131.00000000000000        1.0004658533772456E-002  0.58603890358009869       0.40395643788612373     
   132.00000000000000        9.9930666176549793E-003  0.58369962798461228       0.40630730539772769     
   133.00000000000000        1.0002137408655630E-002  0.58136976360727766       0.40862809898406177     
   134.00000000000000        1.0001909733387482E-002  0.57904927652404159       0.41094881374256581     
   135.00000000000000        9.9924213675472839E-003  0.57673819340172794       0.41326938523071982     
   136.00000000000000        1.0003707880360493E-002  0.57443632464599659       0.41555996747363816     
   137.00000000000000        1.0005808330798231E-002  0.57214368069616828       0.41785051097302844     
   138.00000000000000        9.9987539590614821E-003  0.56986026298958037       0.42014098305135267     
   139.00000000000000        1.0012599854659139E-002  0.56758585976870357       0.42240154037663186     
   140.00000000000000        9.9873512510578744E-003  0.56532052535701682       0.42469212339192008     
   141.00000000000000        9.9830725016480087E-003  0.56306423706048747       0.42695269043785994     
   142.00000000000000        9.9997736987046427E-003  0.56081709851570793       0.42918312778558237     
   143.00000000000000        1.0007521143078265E-002  0.55857886804557466       0.43141361081134239     
   144.00000000000000        1.0006329867944874E-002  0.55634949964768221       0.43364417048436771     
   145.00000000000000        9.9962382107338793E-003  0.55412913922600326       0.43587462256325710     
   146.00000000000000        1.0007294317203316E-002  0.55191759091155768       0.43807511477123284     
   147.00000000000000        1.0009522060196807E-002  0.54971491754536106       0.44027556039443616     
   148.00000000000000        1.0002950583553220E-002  0.54752110700833223       0.44247594240810861     
   149.00000000000000        9.9876323040583026E-003  0.54533607384703653       0.44467629384889967     
   150.00000000000000        9.9935877980108379E-003  0.54315979108200974       0.44684662111997486     
   151.00000000000000        9.9908629654630876E-003  0.54099202940031621       0.44901710763421671     
   152.00000000000000        1.0009492999034759E-002  0.53883313722403769       0.45115736977692344     
   153.00000000000000        9.9894948287358645E-003  0.53668280543850166       0.45332769973275805     
   154.00000000000000        9.9909202964400777E-003  0.53454104280934722       0.45546803689420817     
   155.00000000000000        9.9838062490066638E-003  0.53240791412426369       0.45760827962672546     
   156.00000000000000        9.9981652599978321E-003  0.53028309358257331       0.45971874115742462     
   157.00000000000000        1.0004056073925134E-002  0.52816701369608943       0.46182893022998145     
   158.00000000000000        1.0001497813830251E-002  0.52605933481806877       0.46393916736809754     
   159.00000000000000        9.9905306415706621E-003  0.52396009244761910       0.46604937691080717     
   160.00000000000000        1.0001186276478844E-002  0.52186912620937265       0.46812968751414546     
   161.00000000000000        1.0003500022471488E-002  0.51978670755865719       0.47020979241886857     
   162.00000000000000        9.9974994051406241E-003  0.51771247497576345       0.47229002561909306     
   163.00000000000000        9.9832322480976846E-003  0.51564662236755598       0.47437014538434386     
   164.00000000000000        9.9907076423786951E-003  0.51358896348103311       0.47642032887658597     
   165.00000000000000        9.9899794945320138E-003  0.51153961481995380       0.47847040568551225     
   166.00000000000000        9.9810822712934118E-003  0.50949843931065641       0.48052047841804851     
   167.00000000000000        9.9940214012470795E-003  0.50746547768259043       0.48254050091616141     
   168.00000000000000        9.9988589497054751E-003  0.50544052049632049       0.48456062055397281     
   169.00000000000000        9.9956156616610031E-003  0.50342383791129897       0.48658054642703868     
   170.00000000000000        9.9843314775684422E-003  0.50141514738661708       0.48860052113581365     
   171.00000000000000        9.9950211878313301E-003  0.49941440376433505       0.49059057504783332     
   172.00000000000000        9.9977344229656533E-003  0.49742185408827150       0.49258041148876275     
   173.00000000000000        9.9924961573880696E-003  0.49543708092749689       0.49457042291511510     
   174.00000000000000        1.0009349285151910E-002  0.49346031818173808       0.49653033253311002     
   175.00000000000000        9.9882958396338688E-003  0.49149137656769720       0.49852032759266884     
   176.00000000000000        9.9893947440606798E-003  0.48953041572176897       0.50048018953417039     
   177.00000000000000        9.9826757549712330E-003  0.48757717656303790       0.50244014768199086     
   178.00000000000000        9.9981519766413653E-003  0.48563186387247687       0.50436998415088141     
   179.00000000000000        1.0005878633772574E-002  0.48369426649891828       0.50629985486730888     
   180.00000000000000        1.0005868716120586E-002  0.48176440149009964       0.50822972979377867     
   181.00000000000000        9.9981528969950231E-003  0.47984222174852492       0.51015962535447956     
   182.00000000000000        9.9827795927755151E-003  0.47792767468599484       0.51208954572122911     
   183.00000000000000        9.9897569442715262E-003  0.47602093078376717       0.51398931227196121     
   184.00000000000000        9.9891322820978654E-003  0.47412163957009790       0.51588922814780380     
   185.00000000000000        9.9809373721097307E-003  0.47223001674054649       0.51778904588734287     
   186.00000000000000        9.9951801488129544E-003  0.47034604264537350       0.51965877720581255     
   187.00000000000000        1.0001917992033963E-002  0.46846952327402264       0.52152855873394199     
   188.00000000000000        1.0001165613862377E-002  0.46660054165371539       0.52339829273242044     
   189.00000000000000        9.9929545025436422E-003  0.46473906201989629       0.52526798347755854     
   190.00000000000000        1.0007329561746008E-002  0.46288504326533758       0.52710762717291537     
   191.00000000000000        9.9842929375377996E-003  0.46103838368136368       0.52897732338109726     
   192.00000000000000        9.9838949371857128E-003  0.45919914277711038       0.53081696228570296     
   193.00000000000000        1.0006162800515736E-002  0.45736720866899588       0.53262662853048715     
   194.00000000000000        9.9911104746577238E-003  0.45554262953573949       0.53446625998960140     
   195.00000000000000        9.9987881317590739E-003  0.45372512048911456       0.53627609137912546     
   196.00000000000000        9.9992145101398828E-003  0.45191510061051166       0.53808568487934805     
   197.00000000000000        9.9924179179995548E-003  0.45011227443633350       0.53989530764566640     
   198.00000000000000        9.9784417557555183E-003  0.44831661467127232       0.54170494357297128     
   199.00000000000000        9.9872828203922005E-003  0.44652819610074929       0.54348452107885770     
   200.00000000000000        9.9889974683201096E-003  0.44474687344499630       0.54526412908668254     
   201.00000000000000        9.9836103455324069E-003  0.44297265775029543       0.54704373190417122     
   202.00000000000000        1.0001141562483397E-002  0.44120550158742744       0.54879335685008845     
   203.00000000000000        9.9816263917352575E-003  0.43944551118745179       0.55057286242081238     
   204.00000000000000        9.9850841033620758E-003  0.43769226049953319       0.55232265539710401     
   205.00000000000000        9.9815546264329768E-003  0.43594600530618810       0.55407244006737821     
   206.00000000000000        1.0001054418890263E-002  0.43420704421674489       0.55579190136436385     
   207.00000000000000        9.9836193043175755E-003  0.43247493912693075       0.55754144156875041     
   208.00000000000000        9.9892715878738755E-003  0.43074977077159310       0.55926095764053185     
   209.00000000000000        9.9880460466029181E-003  0.42903156197400244       0.56098039197939353     
   210.00000000000000        9.9799726428063795E-003  0.42732017630165836       0.56269985105553333     
   211.00000000000000        9.9950591425925443E-003  0.42561557662543353       0.56438936423197217     
   212.00000000000000        1.0003359284545701E-002  0.42391787411480863       0.56607876660064393     
   213.00000000000000        1.0004883262514419E-002  0.42222691983464500       0.56776819690283931     
   214.00000000000000        9.9996549349255729E-003  0.42054271374841973       0.56945763131665306     
   215.00000000000000        9.9877116727664882E-003  0.41886520069290850       0.57114708763432354     
   216.00000000000000        9.9990815622540887E-003  0.41719447180730074       0.57280644663044467     
   217.00000000000000        1.0003789694267943E-002  0.41553031273542451       0.57446589757030764     
   218.00000000000000        1.0001853387818668E-002  0.41387285551182351       0.57612529110035793     
   219.00000000000000        9.9933029231785847E-003  0.41222202746962455       0.57778466960719688     
   220.00000000000000        9.9781814797660039E-003  0.41057770316891529       0.57944411535131846     
   221.00000000000000        9.9864854045209131E-003  0.40894009804946796       0.58107341654601041     
   222.00000000000000        9.9882641975352036E-003  0.40730893073615904       0.58270280506630556     
   223.00000000000000        9.9835403584535767E-003  0.40568435790141455       0.58433210174013162     
   224.00000000000000        1.0002337451855447E-002  0.40406623826679361       0.58593142428135092     
   225.00000000000000        9.9846729818444946E-003  0.40245457317301631       0.58756075384513906     
   226.00000000000000        9.9905824868610354E-003  0.40084940766348492       0.58916000984965311     
   227.00000000000000        9.9900919442881680E-003  0.39925063783068460       0.59075927022502606     
   228.00000000000000        9.9832277594604311E-003  0.39765825239921720       0.59235851984132137     
   229.00000000000000        1.0000010657007282E-002  0.39607223602617420       0.59392775331681780     
   230.00000000000000        9.9804676637660350E-003  0.39449252188508432       0.59552701045114931     
   231.00000000000000        9.9846197307115660E-003  0.39291918143504045       0.59709619883424780     
   232.00000000000000        9.9825015381841496E-003  0.39135209283661210       0.59866540562520387     
   233.00000000000000        1.0004137415081040E-002  0.38979117877997865       0.60020468380493963     
   234.00000000000000        9.9895329795619617E-003  0.38823654535191443       0.60177392166852295     
   235.00000000000000        9.9987407466965404E-003  0.38668815363023595       0.60331310562306739     
   236.00000000000000        1.0001772738178025E-002  0.38514591489145905       0.60485231237036297     
   237.00000000000000        9.9986478526339160E-003  0.38360982982352143       0.60639152232384430     
   238.00000000000000        9.9893963056628017E-003  0.38207994090724684       0.60793066278709018     
   239.00000000000000        1.0004056085243922E-002  0.38055610325208505       0.60943984066267032     
   240.00000000000000        9.9826224122098860E-003  0.37903839763264080       0.61097897995514772     
   241.00000000000000        9.9851408907206170E-003  0.37752667311882926       0.61248818599044841     
   242.00000000000000        9.9816344907934836E-003  0.37602109308232645       0.61399727242687852     
   243.00000000000000        1.0002125223353793E-002  0.37452149979911581       0.61547637497752927     
   244.00000000000000        9.9866248391036264E-003  0.37302791311749317       0.61698546204340232     
   245.00000000000000        9.9951754865108058E-003  0.37154025968427357       0.61846456482921486     
   246.00000000000000        9.9977942335818821E-003  0.37005855224640238       0.61994365352001557     
   247.00000000000000        9.9945001091793061E-003  0.36858279957851880       0.62142270031230262     
   248.00000000000000        9.9853224905721849E-003  0.36711291842826482       0.62290175908116419     
   249.00000000000000        1.0000287952609698E-002  0.36564886704283850       0.62435084500455318     
   250.00000000000000        9.9794097971931013E-003  0.36419073167766275       0.62582985852514605     
   251.00000000000000        9.9827142413560395E-003  0.36273837597005931       0.62727890978858680     
   252.00000000000000        9.9802316671408348E-003  0.36129183546449917       0.62872793286836204     
   253.00000000000000        1.0001982181838310E-002  0.35985105517428850       0.63014696264387504     
   254.00000000000000        9.9879754895587144E-003  0.35841602036937370       0.63159600414106920     
   255.00000000000000        9.9982579796784390E-003  0.35698671308882440       0.63301502893149841     
   256.00000000000000        1.0002841952193333E-002  0.35556311201567686       0.63443404603213038     
   257.00000000000000        1.0001742374597505E-002  0.35414523522665581       0.63585302239874797     
   258.00000000000000        9.9949837360126387E-003  0.35273301234028132       0.63727200392370797     
   259.00000000000000        9.9826000072229006E-003  0.35132641280597854       0.63869098718680128     
   260.00000000000000        9.9946063014808434E-003  0.34992544515850293       0.64007994854001904     
   261.00000000000000        1.0001032227715027E-002  0.34853003067435284       0.64146893709793507     
   262.00000000000000        1.0001889288971914E-002  0.34714025517794372       0.64285785553308705     
   263.00000000000000        9.9971981915801030E-003  0.34575599230906046       0.64424680949936286     
   264.00000000000000        9.9869887291880125E-003  0.34437727970132348       0.64563573156949183     
   265.00000000000000        1.0001292470133264E-002  0.34300398648937924       0.64699472104049094     
   266.00000000000000        9.9801083021277947E-003  0.34163622651112707       0.64838366518674850     
   267.00000000000000        9.9834719581059841E-003  0.34027394532485783       0.64974258271703966     
   268.00000000000000        9.9814070818634495E-003  0.33891712672682889       0.65110146619131137     
   269.00000000000000        9.9739385402016368E-003  0.33756563006323165       0.65246043139657040     
   270.00000000000000        9.9910627602869551E-003  0.33621963650534342       0.65378930073437269     
   271.00000000000000        1.0002840023799550E-002  0.33487891936926023       0.65511824060694335     
   272.00000000000000        9.9792549448373524E-003  0.33354357262064827       0.65647717243451742     
   273.00000000000000        9.9803504597642534E-003  0.33221356610088210       0.65780608343935720     
   274.00000000000000        9.9761479787812777E-003  0.33088886700665404       0.65913498501456835     
   275.00000000000000        9.9966555154749216E-003  0.32956947955236637       0.66043386493216305     
   276.00000000000000        9.9819042111418312E-003  0.32825536542839934       0.66176273036046274     
   277.00000000000000        9.9919134698616408E-003  0.32694648401102577       0.66306160251911639     
   278.00000000000000        9.9967080736910983E-003  0.32564283133114941       0.66436046059516374     
   279.00000000000000        9.9963013104670938E-003  0.32434440053792579       0.66565929815161129     
   280.00000000000000        9.9907145022143182E-003  0.32305118196960303       0.66695810352818630     
   281.00000000000000        9.9799769986634868E-003  0.32176304733888328       0.66825697566245656     
   282.00000000000000        9.9940997451705010E-003  0.32048013675973941       0.66952576349509274     
   283.00000000000000        9.9731169496499253E-003  0.31920224041227258       0.67082464263807939     
   284.00000000000000        9.9770254025276072E-003  0.31792953056519352       0.67209344403228066     
   285.00000000000000        9.9758655325945453E-003  0.31666190791126625       0.67336222655614164     
   286.00000000000000        9.9996503619744319E-003  0.31539930974289071       0.67460103989513742     
   287.00000000000000        9.9883935016152631E-003  0.31414178463347048       0.67586982186491695     
   288.00000000000000        1.0002140518621829E-002  0.31288918995425091       0.67710866952712967     
   289.00000000000000        9.9808740817540192E-003  0.31164160692489251       0.67837751899335574     
   290.00000000000000        9.9846403850565538E-003  0.31039911284957089       0.67961624676537513     
   291.00000000000000        9.9834548344119936E-003  0.30916152128544994       0.68085502388014019     
   292.00000000000000        9.9773387372360592E-003  0.30792886782585144       0.68209379343691501     
   293.00000000000000        9.9963031735491696E-003  0.30670118485392184       0.68330251197253167     
   294.00000000000000        9.9803718646938825E-003  0.30547839151640099       0.68454123661890776     
   295.00000000000000        9.9895649377455160E-003  0.30426047880691981       0.68574995625533741     
   296.00000000000000        9.9939063181430938E-003  0.30304743514081056       0.68695865854104932     
   297.00000000000000        9.9934089857190277E-003  0.30183921034394362       0.68816738067033967     
   298.00000000000000        9.9880928527406217E-003  0.30063578857403861       0.68937611857322267     
   299.00000000000000        9.9779848451669682E-003  0.29943722357661567       0.69058479157821884     
   300.00000000000000        9.9930920981033487E-003  0.29824338678632811       0.69176352111556927     
   301.00000000000000        9.9734489115674788E-003  0.29705425603102220       0.69297229505741065     
   302.00000000000000        9.9790518460154271E-003  0.29586994915466580       0.69415099899931887     
   303.00000000000000        9.9799383914206900E-003  0.29469036745132049       0.69532969415725898     
   304.00000000000000        9.9761259900460648E-003  0.29351541131046166       0.69650846269949240     
   305.00000000000000        9.9976265446059549E-003  0.29234522590548778       0.69765714754990671     
   306.00000000000000        9.9844555612128866E-003  0.29117967204548034       0.69883587239330736     
   307.00000000000000        9.9966483893557476E-003  0.29001878455854979       0.69998456705209489     
   308.00000000000000        9.9742109213049445E-003  0.28886252580944866       0.70116326326924661     
   309.00000000000000        9.9771580510977856E-003  0.28771092561549233       0.70231191633341006     
   310.00000000000000        9.9755188173772276E-003  0.28656387336035372       0.70346060782226916     
   311.00000000000000        9.9993074939980480E-003  0.28542142915078977       0.70457926335521204     
   312.00000000000000        9.9885312146064734E-003  0.28428361564357696       0.70572785314181585     
   313.00000000000000        9.9732350149004407E-003  0.28315018109995477       0.70687658388514396     
   314.00000000000000        9.9834040126897863E-003  0.28202141701334599       0.70799517897396425     
   315.00000000000000        9.9890810570374411E-003  0.28089713607136341       0.70911378287159943     
   316.00000000000000        9.9902763851184399E-003  0.27977728593620604       0.71023243767867517     
   317.00000000000000        9.9870060731478104E-003  0.27866191326734341       0.71135108065950892     
   318.00000000000000        9.9792923713375829E-003  0.27755099517576048       0.71246971245290214     
   319.00000000000000        9.9971516676481374E-003  0.27644450701410794       0.71355834131824369     
   320.00000000000000        9.9805914212980941E-003  0.27534248822382734       0.71467692035487451     
   321.00000000000000        9.9896417163329865E-003  0.27424484413782463       0.71576551414584222     
   322.00000000000000        9.9943198768818083E-003  0.27315154476588138       0.71685413535723652     
   323.00000000000000        9.9946371776505633E-003  0.27206262388224478       0.71794273894010419     
   324.00000000000000        9.9906105190464105E-003  0.27097808010248808       0.71903130937846527     
   325.00000000000000        9.9822624495675225E-003  0.26989784517718141       0.72011989237325047     
   326.00000000000000        9.9996176449975056E-003  0.26882178547290947       0.72117859688209252     
   327.00000000000000        9.9826655535094882E-003  0.26775028130690082       0.72226705313959028     
   328.00000000000000        9.9914519329386900E-003  0.26668290509676884       0.72332564297029311     
   329.00000000000000        9.9959859318238010E-003  0.26561977566049799       0.72438423840767852     
   330.00000000000000        9.9962787397899835E-003  0.26456091282816702       0.72544280843204345     
   331.00000000000000        9.9923468188808408E-003  0.26350633410028951       0.72650131908082993     
   332.00000000000000        9.9842118982047968E-003  0.26245596017713541       0.72755982792465990     
   333.00000000000000        9.9719010594135401E-003  0.26140952297843917       0.72861857596214674     
   334.00000000000000        9.9854013993172022E-003  0.26036769400375082       0.72964690459693149     
   335.00000000000000        9.9947615166521824E-003  0.25932970060750149       0.73067553787584516     
   336.00000000000000        9.9999861009164668E-003  0.25829574123961774       0.73170427265946503     
   337.00000000000000        9.9710828734204931E-003  0.25726607134887275       0.73276284577770567     
   338.00000000000000        9.9980742178991978E-003  0.25624060212709904       0.73376132365500046     
   339.00000000000000        9.9909729586966471E-003  0.25521945847858124       0.73478956856272026     
   340.00000000000000        9.9798059299095934E-003  0.25420215126248891       0.73581804280759933     
   341.00000000000000        9.9945878384704433E-003  0.25318862350030907       0.73681678866121780     
   342.00000000000000        9.9753258830408073E-003  0.25217945114329571       0.73784522297366062     
   343.00000000000000        9.9820390812898393E-003  0.25117483967752346       0.73884312124118323     
   344.00000000000000        9.9847505403801405E-003  0.25017375678711734       0.73984149267249921     
   345.00000000000000        9.9834718425323744E-003  0.24917659054349273       0.74083993761397227     
   346.00000000000000        9.9782208911849083E-003  0.24818372122496463       0.74183805788384749     
   347.00000000000000        9.9690218095966326E-003  0.24719552079087423       0.74283545739952650     
   348.00000000000000        9.9559048195207046E-003  0.24621235238677472       0.74383174279370179     
   349.00000000000000        9.9389061008202245E-003  0.24523456988176132       0.74482652401741634     
   350.00000000000000        9.9180676329913928E-003  0.24426251743883431       0.74581941492817172     
   351.00000000000000        9.8934370196437672E-003  0.24329652911900734       0.74681003386134581     
   352.00000000000000        9.8650672970633201E-003  0.24233692851968031       0.74779800418325348     
   353.00000000000000        9.8330167280479934E-003  0.24138402844762469       0.74878295482432389     
   354.00000000000000        9.7973485822605896E-003  0.24043813062674424       0.74976452079099198     
   355.00000000000000        9.7581309043872320E-003  0.23949952544061012       0.75074234365499948     
   356.00000000000000        9.7154362714233933E-003  0.23856849170960254       0.75171607201897095     
   357.00000000000000        9.6693415404319558E-003  0.23764529650233296       0.75268536195723168     
   358.00000000000000        9.6199275881305168E-003  0.23673019498087927       0.75364987743098666     
   359.00000000000000        9.5672790436678000E-003  0.23582343027921873       0.75460929067710969     
   360.00000000000000        9.5114840159417485E-003  0.23492523341412658       0.75556328256992755     
   361.00000000000000        9.4526338167959002E-003  0.23403582322767610       0.75651154295552403     
   362.00000000000000        9.3908226814058589E-003  0.23315540636038121       0.75745377095820909     
   363.00000000000000        9.3261474871348185E-003  0.23228417725391659       0.75838967525894507     
   364.00000000000000        9.2587074720972672E-003  0.23142231818226913       0.75931897434562967     
   365.00000000000000        9.1886039546228444E-003  0.23056999931009775       0.76024139673527580     
   366.00000000000000        9.1159400547599235E-003  0.22972737877701535       0.76115668116822099     
   367.00000000000000        9.0408204189006657E-003  0.22889460280645321       0.76206457677464245     
   368.00000000000000        8.9633509485465990E-003  0.22807180583772615       0.76296484321372326     
   369.00000000000000        8.8836385341680337E-003  0.22725911067988197       0.76385725078594602     
   370.00000000000000        8.8017907950413976E-003  0.22645662868589875       0.76474158051905561     
   371.00000000000000        8.7179158258773731E-003  0.22566445994577750       0.76561762422834101     
   372.00000000000000        8.6321219509797979E-003  0.22488269349707543       0.76648518455194048     
   373.00000000000000        8.5445174866014793E-003  0.22411140755142386       0.76734407496197032     
   374.00000000000000        8.4552105120891796E-003  0.22335066973559331       0.76819411975231344     
   375.00000000000000        8.3643086503361955E-003  0.22260053734567781       0.76903515400398170     
   376.00000000000000        8.2719188579881229E-003  0.22186105761300307       0.76986702352900427     
   377.00000000000000        8.1781472257760092E-003  0.22113226798038629       0.77068958479383320     
   378.00000000000000        8.0830987892815207E-003  0.22041419638741877       0.77150270482329519     
   379.00000000000000        7.9868773503710983E-003  0.21970686156347427       0.77230626108615008     
   380.00000000000000        7.8895853094714998E-003  0.21901027332719936       0.77310014136332417     
