 #   1.0000000000000000E-002  0.10000000000000001        1.0000000000000000E-002
   1.0000000000000000        9.9784351944882908E-003  0.98604718287456661        3.9743819309448654E-003
   2.0000000000000000        9.9960340091127860E-003  0.98211025056336632        7.8937154275204209E-003
   3.0000000000000000        9.9979378043290497E-003  0.97818884599096667        1.1813216204704104E-002
   4.0000000000000000        9.9842005534838772E-003  0.97428344980284975        1.5732349643666557E-002
   5.0000000000000000        1.0009844328169759E-002  0.97039344218741597        1.9596713484414507E-002
   6.0000000000000000        1.0019981864130672E-002  0.96651903911797932        2.3460979017890227E-002
   7.0000000000000000        1.0014628753104304E-002  0.96266042775895599        2.7324943487939412E-002
   8.0000000000000000        9.9938709959893780E-003  0.95881692427085707        3.1189204733153134E-002
   9.0000000000000000        1.0012781205194195E-002  0.95498930143209859        3.4997917362706847E-002
   10.000000000000000        1.0016409869791021E-002  0.95117683104610840        3.8806759084100174E-002
   11.000000000000000        1.0004800545913904E-002  0.94737918848456226        4.2616010969523416E-002
   12.000000000000000        9.9780664484721924E-003  0.94359706956048339        4.6424863991043779E-002
   13.000000000000000        9.9911915181054630E-003  0.93983030840181048        5.0178500080083316E-002
   14.000000000000000        9.9892953070422133E-003  0.93607645125368177        5.3934253439274847E-002
   15.000000000000000        9.9724486430600740E-003  0.93234106324633936        5.7686488110599336E-002
   16.000000000000000        9.9956180480151383E-003  0.92861856198017090        6.1385819971812541E-002
   17.000000000000000        1.0003966563878613E-002  0.92491157262537949        6.5084460810741193E-002
   18.000000000000000        9.9975166436777358E-003  0.92121961356909721        6.8782869787224268E-002
   19.000000000000000        9.9763555852552428E-003  0.91754218988760017        7.2481454527144079E-002
   20.000000000000000        9.9954643902236684E-003  0.91387959490285842        7.6124940706917180E-002
   21.000000000000000        9.9999775379850178E-003  0.91023169596437836        7.9768326497635905E-002
   22.000000000000000        9.9899336292098555E-003  0.90659814016710161        8.3411926203688230E-002
   23.000000000000000        1.0020403821405260E-002  0.90297955200849078        8.7000044170103305E-002
   24.000000000000000        9.9814008143058811E-003  0.89937533666443636        9.0643262521256915E-002
   25.000000000000000        9.9830183574394025E-003  0.89578547856441226        9.4231503078147774E-002
   26.000000000000000        1.0025335347378534E-002  0.89221013753002620        9.7764527122594994E-002
   27.000000000000000        9.9983187742795961E-003  0.88864905861498245       0.10135262261073769     
   28.000000000000000        1.0012135714705475E-002  0.88510177533875134       0.10488608894654237     
   29.000000000000000        1.0011784885468562E-002  0.88156916541500741       0.10841904969952365     
   30.000000000000000        9.9973254071194211E-003  0.87805071950331148       0.11195195508956866     
   31.000000000000000        1.0023866691478391E-002  0.87454572352477078       0.11543040978375027     
   32.000000000000000        9.9813633977505600E-003  0.87105517946959832       0.11896345713265072     
   33.000000000000000        9.9799543110630235E-003  0.86757890766506018       0.12244113802387616     
   34.000000000000000        1.0019680178518941E-002  0.86411671084154917       0.12586360897993104     
   35.000000000000000        9.9905538853877259E-003  0.86066799621062584       0.12934144990398494     
   36.000000000000000        1.0002688217273329E-002  0.85723329240687562       0.13276401937584936     
   37.000000000000000        1.0001114537701935E-002  0.85381234859032440       0.13618653687197205     
   38.000000000000000        9.9858940741753832E-003  0.85040489856646106       0.13960920735936155     
   39.000000000000000        1.0012077685178263E-002  0.84701122028594422       0.14297670202887525     
   40.000000000000000        9.9697344154636297E-003  0.84363101128272233       0.14639925430181164     
   41.000000000000000        9.9688812620658315E-003  0.84026432455099531       0.14976679418693645     
   42.000000000000000        1.0009563853410852E-002  0.83691119365444444       0.15307924249214283     
   43.000000000000000        9.9818942155232813E-003  0.83357163296518544       0.15644647281928917     
   44.000000000000000        9.9958880914597596E-003  0.83024545509614833       0.15975865681239015     
   45.000000000000000        9.9966188592035318E-003  0.82693263922337212       0.16307074191742243     
   46.000000000000000        9.9841367719271032E-003  0.82363296532956232       0.16638289789850808     
   47.000000000000000        1.0013492093991204E-002  0.82034655977400572       0.16963994813200006     
   48.000000000000000        9.9747282207519709E-003  0.81707334926390052       0.17295192251534444     
   49.000000000000000        9.9778933710486569E-003  0.81381306464170156       0.17620904198724663     
   50.000000000000000        9.9680774755160299E-003  0.81056595858266267       0.17946596394181819     
   51.000000000000000        1.0000249230758956E-002  0.80733172926695063       0.18266802150228731     
   52.000000000000000        1.0019580769785675E-002  0.80411059328571644       0.18586982594449464     
   53.000000000000000        9.9710268115678832E-003  0.80090257004842202       0.18912640314000637     
   54.000000000000000        1.0019682378717566E-002  0.79770766122894021       0.19227265639233942     
   55.000000000000000        1.0000554629241815E-002  0.79452497725671511       0.19547446811404059     
   56.000000000000000        9.9687887948621424E-003  0.79135484516627119       0.19867636603886479     
   57.000000000000000        9.9793238911090286E-003  0.78819757008537406       0.20182310602351491     
   58.000000000000000        9.9772866776667250E-003  0.78505291775205177       0.20496979557027944     
   59.000000000000000        1.0017715382103803E-002  0.78192098508772767       0.20806129953016630     
   60.000000000000000        9.9906052511754637E-003  0.77880116560971369       0.21120822913910861     
   61.000000000000000        1.0006084255018394E-002  0.77569404147855847       0.21429987426642069     
   62.000000000000000        1.0009164998182239E-002  0.77259948922698607       0.21739134577482916     
   63.000000000000000        9.9998850703861067E-003  0.76951720208413610       0.22048291284547558     
   64.000000000000000        9.9783277247088263E-003  0.76644703097638234       0.22357464129890614     
   65.000000000000000        9.9995041815846026E-003  0.76338931770998930       0.22661117810842357     
   66.000000000000000        1.0008501548324878E-002  0.76034371388158573       0.22964778457008742     
   67.000000000000000        1.0005335397771192E-002  0.75731036088304693       0.23268430371918042     
   68.000000000000000        9.9900653319673974E-003  0.75428921662845017       0.23572071803958078     
   69.000000000000000        1.0017782927799533E-002  0.75128038982408096       0.23870182724811781     
   70.000000000000000        9.9784441430715506E-003  0.74828347799072981       0.24173807786619661     
   71.000000000000000        9.9821680692788062E-003  0.74529839830240729       0.24471943362831231     
   72.000000000000000        9.9740007042571736E-003  0.74232554445288956       0.24770045484285164     
   73.000000000000000        1.0008961211782012E-002  0.73936463827598309       0.25062640051223345     
   74.000000000000000        9.9771096930871359E-003  0.73641539127742595       0.25360749902948559     
   75.000000000000000        9.9884861700481574E-003  0.73347782800229522       0.25653368582765529     
   76.000000000000000        9.9881566127992538E-003  0.73055227984746385       0.25945956353973548     
   77.000000000000000        9.9761684475645346E-003  0.72763825796617876       0.26238557358625458     
   78.000000000000000        1.0007546415887547E-002  0.72473574551111175       0.26525670807299845     
   79.000000000000000        9.9723512550240184E-003  0.72184487101533235       0.26818277772964116     
   80.000000000000000        9.9806085067493631E-003  0.71896558869450045       0.27105380279874813     
   81.000000000000000        9.9773983892206160E-003  0.71609815462688520       0.27392444698389240     
   82.000000000000000        1.0017773403855195E-002  0.71324170851028423       0.27674051808585870     
   83.000000000000000        9.9916951974044193E-003  0.71039773464594325       0.27961057015665031     
   84.000000000000000        1.0009323872965534E-002  0.70756394414172274       0.28242673198530960     
   85.000000000000000        1.0015649269682427E-002  0.70474241192441445       0.28524193880590143     
   86.000000000000000        1.0010694370366332E-002  0.70193130654208058       0.28805799908755098     
   87.000000000000000        9.9945205915804667E-003  0.69913188870876397       0.29087359069965352     
   88.000000000000000        9.9672267058832642E-003  0.69634339455453831       0.29368937873957618     
   89.000000000000000        9.9837613233200138E-003  0.69356627978103924       0.29644995889563830     
   90.000000000000000        9.9892424147258515E-003  0.69080006843834973       0.29921068914692184     
   91.000000000000000        9.9836962762005921E-003  0.68804518737510689       0.30197111634869034     
   92.000000000000000        9.9671849499252136E-003  0.68530113928014968       0.30473167576992294     
   93.000000000000000        9.9946818734752661E-003  0.68256817295392369       0.30743714517259890     
   94.000000000000000        1.0011326637112692E-002  0.67984622188664967       0.31014245147623626     
   95.000000000000000        9.9621085338451910E-003  0.67713505885621939       0.31290283260993357     
   96.000000000000000        1.0012051991779127E-002  0.67443474487137023       0.31555320313684865     
   97.000000000000000        9.9962150007960986E-003  0.67174503238140770       0.31825875261779429     
   98.000000000000000        9.9696921198885805E-003  0.66906610746455075       0.32096420041555940     
   99.000000000000000        9.9874509916728898E-003  0.66639799432355518       0.32361455468477007     
   100.00000000000000        9.9945904446813588E-003  0.66374055894746198       0.32626485060785465     
   101.00000000000000        9.9911304374638403E-003  0.66109380299039577       0.32891506657213793     
   102.00000000000000        9.9771236342566828E-003  0.65845757153280782       0.33156530483293334     
   103.00000000000000        1.0007608770036489E-002  0.65583184486842072       0.33416054636154063     
   104.00000000000000        9.9726079159267577E-003  0.65321673558609483       0.33681065649797592     
   105.00000000000000        9.9821732776846916E-003  0.65061205689497181       0.33940576982734100     
   106.00000000000000        9.9813639041685994E-003  0.64801789865107817       0.34200073744475079     
   107.00000000000000        9.9702232920806551E-003  0.64543391200133482       0.34459586470658149     
   108.00000000000000        1.0003761988019926E-002  0.64286044971174494       0.34713578830023206     
   109.00000000000000        9.9720441476055730E-003  0.64029714316570085       0.34973081268669054     
   110.00000000000000        9.9850923564533539E-003  0.63774418019952683       0.35227072744401666     
   111.00000000000000        9.9879728834265918E-003  0.63520131540848912       0.35481071170808048     
   112.00000000000000        9.9807171316135396E-003  0.63266857487755757       0.35735070799082486     
   113.00000000000000        9.9633873858783802E-003  0.63014597365304037       0.35989063896107715     
   114.00000000000000        9.9909435964030003E-003  0.62763351563722158       0.36237554076637135     
   115.00000000000000        1.0008532629878596E-002  0.62513091931745424       0.36486054805266321     
   116.00000000000000        9.9611344960329872E-003  0.62263844492732701       0.36740042057663563     
   117.00000000000000        1.0013786972076267E-002  0.62015592889618087       0.36983028413173841     
   118.00000000000000        1.0001516157695855E-002  0.61768333578452828       0.37231514805777099     
   119.00000000000000        9.9794050347061722E-003  0.61522075578437307       0.37479983918091603     
   120.00000000000000        1.0002491911202697E-002  0.61276786306934117       0.37722964501945166     
   121.00000000000000        9.9608121784210083E-003  0.61032472961588158       0.37971445820569288     
   122.00000000000000        9.9643612212886885E-003  0.60789141640667288       0.38214422237203394     
   123.00000000000000        1.0013227901201042E-002  0.60546784038054224       0.38451893171825252     
   124.00000000000000        9.9973934182130512E-003  0.60305417503189662       0.38694843154988640     
   125.00000000000000        9.9719699293917882E-003  0.60064978843050831       0.38937824164009582     
   126.00000000000000        9.9919473415532780E-003  0.59825536538786328       0.39175268727057971     
   127.00000000000000        1.0002398395029337E-002  0.59587025913755010       0.39412734246741638     
   128.00000000000000        1.0003333624183194E-002  0.59349552113188775       0.39650114524392477     
   129.00000000000000        9.9947888195277921E-003  0.59112970458171699       0.39887550659875121     
   130.00000000000000        9.9768228839454218E-003  0.58877319078278589       0.40124998633326425     
   131.00000000000000        1.0004475269757656E-002  0.58642608748290048       0.40356943724733768     
   132.00000000000000        9.9677569582944450E-003  0.58408823443125901       0.40594400861044277     
   133.00000000000000        9.9767073956253064E-003  0.58175972106503859       0.40826357153933213     
   134.00000000000000        9.9763877611388548E-003  0.57944049866823810       0.41058311357061905     
   135.00000000000000        9.9668362862199399E-003  0.57713063725710290       0.41290252645667241     
   136.00000000000000        1.0003061688330364E-002  0.57483007021210519       0.41516686809955933     
   137.00000000000000        9.9751078739595770E-003  0.57253859696385312       0.41748629516218166     
   138.00000000000000        9.9930274671068305E-003  0.57025626255563155       0.41975070997725605     
   139.00000000000000        1.0001862352835449E-002  0.56798310235635185       0.42201503529080714     
   140.00000000000000        1.0001625124850769E-002  0.56571901795546620       0.42427935691967722     
   141.00000000000000        9.9923522718116248E-003  0.56346402785772354       0.42654361987045886     
   142.00000000000000        9.9741042545309425E-003  0.56121789485196805       0.42880800089349524     
   143.00000000000000        1.0001909052379019E-002  0.55898086901285615       0.43101722193475872     
   144.00000000000000        9.9657916784981482E-003  0.55675282023304407       0.43328138808845196     
   145.00000000000000        9.9757761878334645E-003  0.55453385631342045       0.43549036749873948     
   146.00000000000000        9.9769284906216678E-003  0.55232346721915382       0.43769960429021842     
   147.00000000000000        9.9692801240163099E-003  0.55012199019209607       0.43990872968388162     
   148.00000000000000        1.0007864269811463E-002  0.54792926682018095       0.44206286891000174     
   149.00000000000000        9.9826651301526872E-003  0.54574537302257353       0.44427196184726819     
   150.00000000000000        1.0003807476428355E-002  0.54357013665477094       0.44642605586879480     
   151.00000000000000        9.9612680287098649E-003  0.54140361819795479       0.44863511377332915     
   152.00000000000000        9.9650781481776304E-003  0.53924575079244474       0.45078917105937089     
   153.00000000000000        9.9603058322429282E-003  0.53709646078366002       0.45294323338408993     
   154.00000000000000        1.0001945346497924E-002  0.53495578553759560       0.45504226911589940     
   155.00000000000000        9.9800489271713935E-003  0.53282363686304812       0.45719631420977291     
   156.00000000000000        1.0004691426825557E-002  0.53070003727500437       0.45929527129816272     
   157.00000000000000        9.9658426515616527E-003  0.52858476839868584       0.46144938894974469     
   158.00000000000000        9.9735593403746711E-003  0.52647830301530507       0.46354813764431296     
   159.00000000000000        9.9728908484372474E-003  0.52437971436682995       0.46564739478472600     
   160.00000000000000        9.9638724831432081E-003  0.52228992154315157       0.46774620597369826     
   161.00000000000000        1.0001509124852551E-002  0.52020844828684265       0.46979004258829749     
   162.00000000000000        9.9758386056538039E-003  0.51813527431594020       0.47188888707839838     
   163.00000000000000        9.9969264118127277E-003  0.51607037280425994       0.47393270078391958     
   164.00000000000000        1.0009804058530854E-002  0.51401359665841195       0.47597659928304942     
   165.00000000000000        9.9594505483035639E-003  0.51196501948452844       0.47807552996716057     
   166.00000000000000        9.9559499250213325E-003  0.50992470664049649       0.48011934343447465     
   167.00000000000000        9.9992865265841023E-003  0.50789249183887664       0.48210822163453110     
   168.00000000000000        9.9795336521973973E-003  0.50586842711673130       0.48415203923106309     
   169.00000000000000        1.0006756263382153E-002  0.50385244600281220       0.48614079773379754     
   170.00000000000000        9.9708940272692469E-003  0.50184447586667746       0.48818463010604501     
   171.00000000000000        9.9820456069366452E-003  0.49984465869831579       0.49017329569473955     
   172.00000000000000        9.9852347154068492E-003  0.49785279854508124       0.49216196673950424     
   173.00000000000000        9.9804851591329870E-003  0.49586880510239090       0.49415070973846836     
   174.00000000000000        9.9678400558588214E-003  0.49389269147247844       0.49613946847165502     
   175.00000000000000        1.0002320261519117E-002  0.49192468047564181       0.49807299926283105     
   176.00000000000000        9.9739307453455359E-003  0.48996444553270735       0.50006162372193930     
   177.00000000000000        9.9927493678008874E-003  0.48801208859675266       0.50199516203543826     
   178.00000000000000        1.0003803632871630E-002  0.48606748931404520       0.50392870705307502     
   179.00000000000000        1.0007098674438403E-002  0.48413062949243518       0.50586227183311816     
   180.00000000000000        1.0002657370736587E-002  0.48220148486667530       0.50779585776257963     
   181.00000000000000        9.9905208079395097E-003  0.48027970830194749       0.50972977089010441     
   182.00000000000000        9.9707461502304955E-003  0.47836558341928004       0.51166367043048078     
   183.00000000000000        9.9983505455259469E-003  0.47645938369210322       0.51354226576236195     
   184.00000000000000        9.9633533972088920E-003  0.47456084923236758       0.51547579737041449     
   185.00000000000000        9.9757741915489397E-003  0.47266992647655798       0.51735429933188359     
   186.00000000000000        9.9806736133512628E-003  0.47078655641966083       0.51923276996697776     
   187.00000000000000        9.9780704564297745E-003  0.46891067501427619       0.52111125452928364     
   188.00000000000000        9.9680003445802821E-003  0.46704231602239360       0.52298968363301568     
   189.00000000000000        1.0005498627282576E-002  0.46518140445691408       0.52481309691579303     
   190.00000000000000        9.9805309222310845E-003  0.46332786040135776       0.52669160867640108     
   191.00000000000000        1.0003232146484161E-002  0.46148149824181856       0.52851526961168727     
   192.00000000000000        9.9635422897925135E-003  0.45964273600211508       0.53039372170808263     
   193.00000000000000        9.9715251706325326E-003  0.45781137521450044       0.53221709961485753     
   194.00000000000000        9.9722211160441325E-003  0.45598731494654943       0.53404046393739724     
   195.00000000000000        9.9656573517616261E-003  0.45417045025131275       0.53586389239691634     
   196.00000000000000        1.0006870478151256E-002  0.45236087134883729       0.53763225817300209     
   197.00000000000000        9.9858172130708207E-003  0.45055856212873097       0.53945562065818886     
   198.00000000000000        9.9576406447976877E-003  0.44876340272395904       0.54127895663123393     
   199.00000000000000        9.9772611613997732E-003  0.44697546618322731       0.54304727265536357     
   200.00000000000000        9.9897885829919528E-003  0.44519472112342007       0.54481549029357867     
   201.00000000000000        9.9952230946532602E-003  0.44342093598712684       0.54658384091821000     
   202.00000000000000        9.9935815671315271E-003  0.44165426629232213       0.54835215214053679     
   203.00000000000000        9.9848955627049128E-003  0.43989466625569401       0.55012043818159095     
   204.00000000000000        9.9692117490945420E-003  0.43814208551784017       0.55188870273305468     
   205.00000000000000        1.0001558140698332E-002  0.43639637337013937       0.55360206848915183     
   206.00000000000000        9.9719121151262899E-003  0.43465785414754082       0.55537023373732264     
   207.00000000000000        9.9903621262935824E-003  0.43292617554929175       0.55708346232440442     
   208.00000000000000        1.0001929724641111E-002  0.43120136483316202       0.55879670544218640     
   209.00000000000000        1.0006618471808471E-002  0.42948344393787752       0.56050993759030376     
   210.00000000000000        1.0004445839937343E-002  0.42777242945096022       0.56222312470909219     
   211.00000000000000        9.9954438628416745E-003  0.42606823889101975       0.56393631724612892     
   212.00000000000000        9.9796577355903502E-003  0.42437069274450245       0.56564964951989749     
   213.00000000000000        9.9571466784126456E-003  0.42267998157779657       0.56736287174378119     
   214.00000000000000        9.9828504780209194E-003  0.42099591743783510       0.56902123208413458     
   215.00000000000000        1.0001894961670353E-002  0.41931877189628353       0.57067933314203700     
   216.00000000000000        9.9592271336433821E-003  0.41764825583199483       0.57239251703435334     
   217.00000000000000        9.9649001106214517E-003  0.41598444629939857       0.57405065358997132     
   218.00000000000000        9.9639562370348548E-003  0.41432732305336073       0.57570872070959578     
   219.00000000000000        9.9564236468932307E-003  0.41267677065807012       0.57736680569502818     
   220.00000000000000        9.9972929861314157E-003  0.41103285172802467       0.57896985528583578     
   221.00000000000000        9.9766053726625427E-003  0.40939544299956238       0.58062795162776693     
   222.00000000000000        1.0004444079314332E-002  0.40776450861736635       0.58223104730331121     
   223.00000000000000        9.9707232882502665E-003  0.40614009773801374       0.58388917897372805     
   224.00000000000000        9.9855604758167481E-003  0.40452225463325586       0.58549218489091959     
   225.00000000000000        9.9939626010548035E-003  0.40291075205831905       0.58709528534061872     
   226.00000000000000        9.9959391507405005E-003  0.40130553874894903       0.58869852210030249     
   227.00000000000000        9.9915118307856345E-003  0.39970691157700294       0.59030157659220306     
   228.00000000000000        9.9807146397722039E-003  0.39811472031872469       0.59190456504149491     
   229.00000000000000        9.9635938521436783E-003  0.39652881279293006       0.59350759335491876     
   230.00000000000000        9.9951485187429918E-003  0.39494929567214770       0.59505555580910174     
   231.00000000000000        9.9654020707264212E-003  0.39337609618485947       0.59665850174440671     
   232.00000000000000        9.9843885142442083E-003  0.39180913897870684       0.59820647250704140     
   233.00000000000000        9.9971557019680711E-003  0.39024843115801072       0.59975441314001432     
   234.00000000000000        1.0003704518042302E-002  0.38869389014246591       0.60130240533948520     
   235.00000000000000        1.0004047065056015E-002  0.38714534541583390       0.60285060751910347     
   236.00000000000000        9.9982072564678594E-003  0.38560321898432259       0.60439857375920381     
   237.00000000000000        9.9862209501664686E-003  0.38406724593127550       0.60594653311855218     
   238.00000000000000        9.9681346669963453E-003  0.38253741399886565       0.60749445133413194     
   239.00000000000000        9.9989714241054996E-003  0.38101362343155598       0.60898740514433269     
   240.00000000000000        9.9687023043137420E-003  0.37949602210559985       0.61053527559008081     
   241.00000000000000        9.9874074193483462E-003  0.37798441947634653       0.61202817310429869     
   242.00000000000000        1.0000111410519572E-002  0.37647870648331699       0.61352118210615725     
   243.00000000000000        9.9518056622006409E-003  0.37497926706587476       0.61506892727191831     
   244.00000000000000        9.9525179399965000E-003  0.37348573563893966       0.61656174642105732     
   245.00000000000000        1.0002283061569429E-002  0.37199815778048700       0.61799955915793736     
   246.00000000000000        9.9911014681692608E-003  0.37051657449385350       0.61949232403797061     
   247.00000000000000        9.9740309642195480E-003  0.36904085994532287       0.62098510909045057     
   248.00000000000000        9.9511250630922778E-003  0.36757088674610489       0.62247798819079603     
   249.00000000000000        9.9772971575264498E-003  0.36610692826797603       0.62391577457449088     
   250.00000000000000        9.9976935073893287E-003  0.36464876873728341       0.62535353775532110     
   251.00000000000000        9.9572591421120578E-003  0.36319643152610898       0.62684630933177288     
   252.00000000000000        9.9660283984464217E-003  0.36174993637663050       0.62828403522491727     
   253.00000000000000        9.9690469372629830E-003  0.36030914033196848       0.62972181273076278     
   254.00000000000000        9.9663319491263037E-003  0.35887397812683991       0.63115968992402804     
   255.00000000000000        9.9579110763167531E-003  0.35744461798523219       0.63259747093844509     
   256.00000000000000        9.9987917793249777E-003  0.35602098695005957       0.63398022127060971     
   257.00000000000000        9.9789714874332011E-003  0.35460308747655378       0.63541794103600757     
   258.00000000000000        9.9535542733848927E-003  0.35319068572423107       0.63685576000237887     
   259.00000000000000        9.9774592013156319E-003  0.35178401235951834       0.63823852843916073     
   260.00000000000000        9.9958066815166412E-003  0.35038290555517176       0.63962128776330651     
   261.00000000000000        9.9535629728406214E-003  0.34898735602839021       0.64105908099876430     
   262.00000000000000        9.9607402538492915E-003  0.34759765748537524       0.64244160226077085     
   263.00000000000000        9.9623936690575107E-003  0.34621325750696053       0.64382434882397743     
   264.00000000000000        9.9585422670701879E-003  0.34483444369654659       0.64520701403637892     
   265.00000000000000        9.9492144556233668E-003  0.34346104247262826       0.64658974307174344     
   266.00000000000000        9.9893683882158989E-003  0.34209325594554424       0.64791737566623508     
   267.00000000000000        9.9690964276721653E-003  0.34073090495262509       0.64929999861969845     
   268.00000000000000        9.9984273399713643E-003  0.33937381030786606       0.65062776235215825     
   269.00000000000000        9.9673100532086788E-003  0.33802231247966874       0.65201037746711832     
   270.00000000000000        9.9858323639335674E-003  0.33667607737090077       0.65333809026516154     
   271.00000000000000        9.9990138789413548E-003  0.33533506759071890       0.65466591853033540     
   272.00000000000000        9.9518357045791771E-003  0.33399961093820346       0.65604855335721302     
   273.00000000000000        9.9543313883830465E-003  0.33266951458593658       0.65737615402567617     
   274.00000000000000        9.9515420207875824E-003  0.33134465846275490       0.65870379951645286     
   275.00000000000000        9.9984670455887797E-003  0.33002513921427040       0.65997639374013706     
   276.00000000000000        9.9851188155043527E-003  0.32871090418672261       0.66130397699776911     
   277.00000000000000        9.9665576219965576E-003  0.32740182661227296       0.66263161576572605     
   278.00000000000000        9.9978046039043231E-003  0.32609799426543012       0.66390420113066084     
   279.00000000000000        9.9688160169855815E-003  0.32479941845198312       0.66523176553102681     
   280.00000000000000        9.9896864274681696E-003  0.32350596578270180       0.66650434778982526     
   281.00000000000000        9.9504188459476409E-003  0.32221743045801909       0.66783215069602875     
   282.00000000000000        9.9609786137975342E-003  0.32093438433527299       0.66910463705092471     
   283.00000000000000        9.9664432223583038E-003  0.31965640255056560       0.67037715422707123     
   284.00000000000000        9.9668245051564800E-003  0.31838355432624788       0.67164962116859128     
   285.00000000000000        9.9621422074098621E-003  0.31711562595280934       0.67292223183977662     
   286.00000000000000        9.9524232992903826E-003  0.31585268234417918       0.67419489435652624     
   287.00000000000000        9.9926477243346325E-003  0.31459492304495401       0.67541242923070732     
   288.00000000000000        9.9728585519539108E-003  0.31334226562437351       0.67668487582366821     
   289.00000000000000        9.9481320826658240E-003  0.31209435208156017       0.67795751583576924     
   290.00000000000000        9.9733651476090410E-003  0.31085178436406419       0.67917485048832205     
   291.00000000000000        9.9937031728566522E-003  0.30961392637677704       0.68039237045036172     
   292.00000000000000        9.9540982311889722E-003  0.30838096311585511       0.68166493865295164     
   293.00000000000000        9.9645636849304900E-003  0.30715307465678815       0.68288236165827731     
   294.00000000000000        9.9701514287676360E-003  0.30593003133445185       0.68409981723677626     
   295.00000000000000        9.9708725709745233E-003  0.30471173860214590       0.68531738882687532     
   296.00000000000000        9.9667452789533387E-003  0.30349836799578628       0.68653488672525642     
   297.00000000000000        9.9577951311956552E-003  0.30228981974524655       0.68775238512355430     
   298.00000000000000        9.9990378281858902E-003  0.30108605942754790       0.68891490274426270     
   299.00000000000000        9.9804432384218607E-003  0.29988731413532099       0.69013224262625339     
   300.00000000000000        9.9571163263176884E-003  0.29869314797798258       0.69134973569569569     
   301.00000000000000        9.9840110198808254E-003  0.29750384980741440       0.69251213917270138     
   302.00000000000000        9.9512022960546089E-003  0.29631904863017894       0.69372974907376328     
   303.00000000000000        9.9686291411910117E-003  0.29513935174599132       0.69489201911281440     
   304.00000000000000        9.9813840910409381E-003  0.29396412518546533       0.69605449072348979     
   305.00000000000000        9.9894676569931250E-003  0.29279351545993776       0.69721701688306503     
   306.00000000000000        9.9928870415538929E-003  0.29162760040781061       0.69837951255063091     
   307.00000000000000        9.9916561372045028E-003  0.29046639035312938       0.69954195350966197     
   308.00000000000000        9.9857950800096920E-003  0.28930982936959071       0.70070437555039600     
   309.00000000000000        9.9753303298498030E-003  0.28815786003446925       0.70186680963567749     
   310.00000000000000        9.9602947634322859E-003  0.28701042360158163       0.70302928163498257     
   311.00000000000000        9.9956960931855028E-003  0.28586758598904399       0.70413671791776700     
   312.00000000000000        9.9715092352430212E-003  0.28472953411937069       0.70529895664538167     
   313.00000000000000        9.9978425967701279E-003  0.28359563966948442       0.70640651773374152     
   314.00000000000000        9.9646087729995149E-003  0.28246671035969106       0.70756868086730507     
   315.00000000000000        9.9819030042319380E-003  0.28134205436869414       0.70867604262706940     
   316.00000000000000        9.9947388296857224E-003  0.28022166571841739       0.70978359545189218     
   317.00000000000000        9.9481060255850167E-003  0.27910578243322837       0.71094611154118170     
   318.00000000000000        9.9520108773414519E-003  0.27799457566165231       0.71205341346100115     
   319.00000000000000        9.9515014649353539E-003  0.27688772406576762       0.71316077446929216     
   320.00000000000000        9.9465961403338941E-003  0.27578515195286379       0.71426825190679766     
   321.00000000000000        9.9922708309509202E-003  0.27468732653170991       0.71532040263733454     
   322.00000000000000        9.9785759084541955E-003  0.27359386252163337       0.71642756156990772     
   323.00000000000000        9.9605498645670160E-003  0.27250449887028594       0.71753495126514211     
   324.00000000000000        9.9931916158340212E-003  0.27141939520112107       0.71858741318303965     
   325.00000000000000        9.9664845257932590E-003  0.27033900213973755       0.71969451333446421     
   326.00000000000000        9.9905052715242720E-003  0.26926251926661682       0.72074697546185418     
   327.00000000000000        9.9552290227488162E-003  0.26819045255892232       0.72185431841832426     
   328.00000000000000        9.9706677085737699E-003  0.26712294772849071       0.72290638456293066     
   329.00000000000000        9.9818746928419834E-003  0.26605938355961317       0.72395874174753894     
   330.00000000000000        9.9888524221784254E-003  0.26499996315378399       0.72501118442403134     
   331.00000000000000        9.9916089673782009E-003  0.26394482663556179       0.72606356439705388     
   332.00000000000000        9.9901575941262026E-003  0.26289399427105797       0.72711584813480956     
   333.00000000000000        9.9845168235843541E-003  0.26184748390654838       0.72816799926986164     
   334.00000000000000        9.9747102285909009E-003  0.26080513888914214       0.72922015088226189     
   335.00000000000000        9.9607666132355034E-003  0.25976663185613774       0.73027260153062179     
   336.00000000000000        9.9977063947887402E-003  0.25873175361289097       0.73127053999231562     
   337.00000000000000        9.9754740746954354E-003  0.25770261858704180       0.73232190733825808     
   338.00000000000000        9.9491980715488634E-003  0.25667565999111669       0.73337514193732956     
   339.00000000000000        9.9737837386554371E-003  0.25565490414084086       0.73437131212049833     
   340.00000000000000        9.9943520402987675E-003  0.25463590577783290       0.73536974218186313     
   341.00000000000000        9.9558317460871192E-003  0.25362282523130364       0.73642134302260354     
   342.00000000000000        9.9682774589378836E-003  0.25261414691800621       0.73741757562305033     
   343.00000000000000        9.9767183532886734E-003  0.25160842708343883       0.73841485456326705     
   344.00000000000000        9.9811568190498849E-003  0.25060606375501415       0.73941277942593120     
   345.00000000000000        9.9816016707280179E-003  0.24960744797803464       0.74041095035123217     
   346.00000000000000        9.9780680759706791E-003  0.24861296324804633       0.74140896867597805     
   347.00000000000000        9.9705774631403191E-003  0.24762298497235480       0.74240643756450031     
   348.00000000000000        9.9591574086367353E-003  0.24663787996204281       0.74340296262931593     
   349.00000000000000        9.9438415047948849E-003  0.24565800595564991       0.74439815253955077     
   350.00000000000000        9.9246692092822882E-003  0.24468371117548651       0.74539161961522682     
   351.00000000000000        9.9016856770090967E-003  0.24371533391736944       0.74638298040561724     
   352.00000000000000        9.8749415756432431E-003  0.24275320217438223       0.74737185624997005     
   353.00000000000000        9.8444928858923871E-003  0.24179763329508269       0.74835787381902086     
   354.00000000000000        9.8104006877731582E-003  0.24084893367639656       0.74934066563582613     
   355.00000000000000        9.7727309341367457E-003  0.23990739849127146       0.75031987057458771     
   356.00000000000000        9.7315542127577176E-003  0.23897331145099160       0.75129513433624684     
   357.00000000000000        9.6869454983202624E-003  0.23804694460189663       0.75226610989977960     
   358.00000000000000        9.6389838956530086E-003  0.23712855815609868       0.75323245794824456     
   359.00000000000000        9.5877523755705536E-003  0.23621840035564676       0.75419384726877869     
   360.00000000000000        9.5333375046767321E-003  0.23531670736945448       0.75514995512586491     
   361.00000000000000        9.4758291704725821E-003  0.23442370322218684       0.75610046760733640     
   362.00000000000000        9.4153203030908125E-003  0.23353959975418750       0.75704507994271775     
   363.00000000000000        9.3519065949493919E-003  0.23266459661142699       0.75798349679361898     
   364.00000000000000        9.2856862195797880E-003  0.23179888126436307       0.75891543251605242     
   365.00000000000000        9.2167595508415943E-003  0.23094262905452043       0.75984061139463366     
   366.00000000000000        9.1452288836852292E-003  0.23009600326753535       0.76075876784877516     
   367.00000000000000        9.0711981575687575E-003  0.22925915523134818       0.76166964661107872     
   368.00000000000000        8.9947726835741728E-003  0.22843222443817823       0.76257300287824303     
   369.00000000000000        8.9160588762045440E-003  0.22761533868888328       0.76346860243490822     
   370.00000000000000        8.8351639907753021E-003  0.22680861425827559       0.76435622175094542     
   371.00000000000000        8.7521958672427506E-003  0.22601215607994968       0.76523564805280342     
   372.00000000000000        8.6672626812407810E-003  0.22522605794916831       0.76610667936958743     
   373.00000000000000        8.5804727030234056E-003  0.22445040274235278       0.76696912455462041     
   374.00000000000000        8.4919340649367119E-003  0.22368526265173339       0.76782280328332675     
   375.00000000000000        8.4017545379702421E-003  0.22293069943372640       0.76866754602829979     
   376.00000000000000        8.3100413178645426E-003  0.22218676466963180       0.76950319401249945     
   377.00000000000000        8.2169008211793650E-003  0.22145350003726863       0.77032959914154708     
   378.00000000000000        8.1224384916571916E-003  0.22073093759220216       0.77114662391613564     
   379.00000000000000        8.0267586171477480E-003  0.22001910005725195       0.77195414132559526     
   380.00000000000000        7.9299641572938510E-003  0.21931800111901484       0.77275203472368648     
